//ID,Name,Jname,Type,Price,Sell,Weight,ATK,MATK,DEF,MDEF,Range,Slot,STR,AGI,VIT,INT,DEX,LUK,Job,Gender,Loc,wLV,eLV,View,Ele,Eff,HP1,HP2,SP1,SP2,Rare,Box,HIT,CRITICAL,FLEE,SKILL_ID
501,Red_Potion,赤ポーション,0,50,0,100,,,,,,,,,,,,,,,,,,,,0,30,75,0,0,,,,,,
502,Orange_Potion,紅ポーション,0,200,0,130,,,,,,,,,,,,,,,,,,,,0,50,120,0,0,,,,,,
503,Yellow_Potion,黄色いポーション,0,550,0,160,,,,,,,,,,,,,,,,,,,,0,80,185,0,0,,,,,,
504,White_Potion,白いポーション,0,1200,0,200,,,,,,,,,,,,,,,,,,,,0,120,270,0,0,,,,,,
505,Blue_Potion,青いポーション,0,5000,0,200,,,,,,,,,,,,,,,,,,,,0,0,0,40,100,,,,,,
506,Green_Potion,緑色ポーション,0,40,0,60,,,,,,,,,,,,,,,,,,,,21,0,0,0,0,,,,,,
507,Red_Herb,赤いハーブ,0,18,0,40,,,,,,,,,,,,,,,,,,,,0,12,32,0,0,,,,,,
508,Yellow_Herb,黄色いハーブ,0,40,0,70,,,,,,,,,,,,,,,,,,,,0,20,50,0,0,,,,,,
509,White_Herb,白いハーブ,0,120,0,90,,,,,,,,,,,,,,,,,,,,0,35,85,0,0,,,,,,
510,Blue_Herb,青いハーブ,0,60,0,90,,,,,,,,,,,,,,,,,,,,0,0,0,10,28,,,,,,
511,Green_Herb,緑色ハーブ,0,10,0,20,,,,,,,,,,,,,,,,,,,,1,0,0,0,0,,,,,,
512,Apple,リンゴ,0,15,0,30,,,,,,,,,,,,,,,,,,,,0,12,28,0,0,,,,,,
513,Banana,バナナ,0,15,0,30,,,,,,,,,,,,,,,,,,,,0,11,27,0,0,,,,,,
514,Grape,ブドウ,0,200,0,30,,,,,,,,,,,,,,,,,,,,0,0,0,8,20,,,,,,
515,Carrot,ニンジン,0,15,0,30,,,,,,,,,,,,,,,,,,,,0,13,29,0,0,,,,,,
516,Sweet_Potato,いも,0,15,0,30,,,,,,,,,,,,,,,,,,,,0,10,26,0,0
517,Meat,にく,0,55,0,200,,,,,,,,,,,,,,,,,,,,0,40,95,0,0
518,Honey,ハチの蜜,0,500,0,150,,,,,,,,,,,,,,,,,,,,0,45,110,5,15
519,Milk,ミルク,0,25,0,50,,,,,,,,,,,,,,,,,,,,0,15,37,0,0
520,Leaflet_of_Hinal,ヒナレの葉,0,150,0,50,,,,,,,,,,,,,,,,,,,,0,30,75,0,0
521,Leaflet_of_Aloe,アロエの葉,0,360,0,50,,,,,,,,,,,,,,,,,,,,0,45,110,0,0
522,Fruit_of_Mastela,マステラの実,0,840,0,50,,,,,,,,,,,,,,,,,,,,0,60,150,0,0
523,Holy_Water,聖水,0,20,0,100,,,,,,,,,,,,,,,,,,,,2,0,0,0,0
525,Panacea,万能薬,0,500,0,200,,,,,,,,,,,,,,,,,,,,31,0,0,0,0
526,Royal_Jelly,ローヤルゼリー,0,7000,0,200,,,,,,,,,,,,,,,,,,,,31,80,200,40,100
528,Monster's_Feed,化け物のエサ,0,60,0,200,,,,,,,,,,,,,,,,,,,,0,40,95,0,0
529,Candy,キャンディ,0,10,0,30,,,,,,,,,,,,,,,,,,,,0,30,75,0,0
530,Candy_Striper,スティックキャンディ,0,20,0,40,,,,,,,,,,,,,,,,,,,,0,45,110,0,0
531,Apple_Juice,リンゴジュース,0,20,0,50,,,,,,,,,,,,,,,,,,,,0,15,35,0,0
532,Banana_Juice,バナナジュース,0,20,0,50,,,,,,,,,,,,,,,,,,,,0,14,34,0,0
533,Grape_Juice,ブドウジュース,0,250,0,50,,,,,,,,,,,,,,,,,,,,0,0,0,10,30
534,Carrot_Juice,ニンジンジュース,0,20,0,50,,,,,,,,,,,,,,,,,,,,0,16,36,0,0
535,Pumpkin,カボチャ,0,15,0,30,,,,,,,,,,,,,,,,,,,,0,12,28,0,0
536,,アイスクリーム,0,2,,,,,,,,,,,,,,,,,,,,,,,,,,
537,,ペット_フード,0,2,,,,,,,,,,,,,,,,,,,,,,,,,,
538,,よく焼いたクッキー,0,1000,0,30,,,,,,,,,,,,,,,,,,,,,,,,
539,,ひとくち_ケーキー,0,3000,0,100,,,,,,,,,,,,,,,,,,,,,,,,
601,Wing_of_Fly,ハエの羽,2,100,1,50,,,,,,,,,,,,,,,,,,,,0,,,,
602,Wing_of_Butterfly,蝶の羽,2,500,1,50,,,,,,,,,,,,,,,,,,,,0,,,,
603,Old_Blue_Box,古く青い箱,2,2,0,200,,,,,,,,,,,,,,,,,,,,0,,,,
604,Branch_of_Dead_tree,古木の枝,2,2,0,50,,,,,,,,,,,,,,,,,,,,0,,,,
605,Anodyne,アンティペインメント,2,1000,0,100,,,,,,,,,,,,,,,,,,,,0,,,,
606,Aloebera,アロエべラ,2,2,0,100,,,,,,,,,,,,,,,,,,,,0,,,,
607,Yggdrasilberry,イグドラシルの実,2,2,0,300,,,,,,,,,,,,,,,,,,,,0,,,,
608,Seed_of_Yggdrasil,イグドラシルの種,2,2,0,300,,,,,,,,,,,,,,,,,,,,0,,,,
609,Amulet,返魂のお札,2,100,0,100,,,,,,,,,,,,,,,,,,,,0,,,,
610,Leaf_of_Yggdrasil,イグドラシルの葉,2,2000,1,100,,,,,,,,,,,,,,,,,,,,0,,,,
611,Spectacles,拡大鏡,2,40,0,50,,,,,,,,,,,,,,,,,,,,0
612,Portable_Furnace,携帯用溶鉱炉,2,150,0,200,,,,,,,,,,,,,,,,,,,,0
613,Iron_Hammer,鋼鉄金槌,2,1000,0,200,,,,,,,,,,,,,,,,,,,,0
614,Golden_Hammer,黄金金槌,2,3000,0,300,,,,,,,,,,,,,,,,,,,,0
615,Oridecon_Hammer,オリデオコン金槌,2,5000,0,400,,,,,,,,,,,,,,,,,,,,0
616,,古いカード帖,2,2,0,50,,,,,,,,,,,,,,,,,,,,
617,,古い紫色の箱,2,2,0,200,,,,,,,,,,,,,,,,,,,,
618,,古い巻物,2,2,0,20,,,,,,,,,,,,,,,,,,,,
619,,まだ熟してないリンゴ,2,,,,,,,,,,,,,,,,,,,,,,,
620,,オレンジジュース,2,,,,,,,,,,,,,,,,,,,,,,,
621,,とても苦い草,2,,,,,,,,,,,,,,,,,,,,,,,
622,,虹色ニンジン,2,,,,,,,,,,,,,,,,,,,,,,,
623,,ハンサムな青年ミミズ,2,,,,,,,,,,,,,,,,,,,,,,,
624,,腐った魚,2,,,,,,,,,,,,,,,,,,,,,,,
625,,錆びた鉄,2,,,,,,,,,,,,,,,,,,,,,,,
626,,モンスタージュース,2,,,,,,,,,,,,,,,,,,,,,,,
627,,甘い牛乳,2
628,,よく乾いてるホネ,2
629,,歌う花,2
630,,朝の露が宿っている苔,2
631,,猛毒草,2
632,,太っているミミズ,2
633,,焼き芋,2
634,,熱帯のバナナ,2
635,,組織の掟,2
636,,宛てがない手紙,2
637,,古いホウキ,2
638,,純潔の小太刀,2
639,,服従の腕輪,2
640,,光ってる石,2
641,,闇の契約書,2
642,,悪魔召喚書,2
643,,携帯卵孵化機,2,,,
644,,プレゼント_ボックス,2,2,0,200
701,Ora_Ora,オラオラ,3,1000,0,200
702,Animal_Blood,家畜の血,3,2,0,100
703,Hinalle,ヒナレ,3,2,0,10
704,Aloe,アロエ,3,2,0,10
705,Clover,クローバー,3,10,0,10
706,Four_leaf_Clover,四葉クローバー,3,2,0,10
707,Singing_Plant,歌う草,3,2,0,10
708,Ment,メント,3,2,0,10
709,Izidor,イジドル,3,2,0,10
710,Illusion_Flower,幻想の花,3,2,0,10
711,Shoot,若芽,3,2,0,10
712,Flower,花,3,2,0,10
713,Empty_Bottle,空きビン,3,5,0,20
714,Emperium,エンペリウム,3,2,0,1000
715,Yellow_Gemstone,イエロージェムストーン,3,600,0,30
716,Red_Gemstone,レッドジェムストーン,3,700,0,30
717,Blue_Gemstone,ブルージェムストーン,3,600,0,30
718,Dark_red_Jewel,ガネット,3,5000,0,100
719,Violet_Jewel,アメディスト,3,5000,0,100
720,Skyblue_Jewel,アクアマリン,3,5000,0,100
721,Azure_Jewel,エメラルド,3,5000,0,100
722,Scarlet_Jewel,真珠,3,5000,0,100
723,Cardinal_Jewel,ルビー,3,5000,0,100
724,Cardinal_Jewel_,呪われたルビー,3,500,0,100
725,Red_Jewel, サードオニキス,3,5000,0,100
726,Blue_Jewel,サファイヤ,3,5000,0,100
727,White_Jewel,オパール,3,5000,0,100
728,Golden_Jewel,トパーズ,3,5000,0,100
729,Bluish_green_Jewel,ジルコン,3,5000,0,100
730,Crystal_Jewel,ダイヤモンド１カラット,3,10000,0,100
731,Crystal_Jewel_,ダイヤモンド２カラット,3,25000,0,100
732,Crystal_Jewel__,ダイヤモンド３カラット,3,55000,0,100
733,Crystal_Jewel___,損傷したダイヤモンド,3,10,0,100
734,Red_Frame,赤い額縁,3,3000,0,200
735,Blue_Porcelain,青い陶磁器,3,5000,0,500
736,White_Platter,白い皿,3,1000,0,300
737,Black_Ladle,黒い杓子,3,500,0,50
738,Pencil_Case,鉛筆立て,3,300,0,100
739,Rouge,化粧品,3,10000,0,10
740,Stuffed_Doll,ぬいぐるみ,3,3000,0,100
741,Poring_Doll,ポリン人形,3,1000,0,100
742,Chonchon_Doll,チョンチョン人形,3,1800,0,100
743,Spore_Doll,スポア人形,3,5000,0,100
744,Bunch_of_Flowers,花たば,3,2000,0,50
745,Wedding_Bouquet,ブーケ,3,10000,0,50
746,Glass_Bead,ガラス玉,3,1500,0,50
747,Crystal_Mirror,水晶鏡,3,30000,0,50
748,Witherless_Rose,しおれないバラ,3,50000,0,10
749,Frozen_Rose,氷バラ,3,35000,0,10
750,Baphomet_Doll,バフォメット人形,3,6000,0,100
751,Osiris_Doll,オシリス人形,3,6000,0,100
752,Grasshopper_Doll,バッタ人形,3,4000,0,100
753,Monkey_Doll,サル人形,3,7000,0,100
754,Raccoondog_Doll,タヌキ人形,3,7000,0,100
756,Oridecon_Stone,オリデオコン原石,3,2,0,200
757,Elunium_Stone,エルニュム原石,3,2,0,200
901,Danggie,ピッグテールリボン,3,250,0,10
902,Tree_Root,木の根,3,12,0,10
903,Reptile_Tongue,爬虫類の舌,3,50,0,10
904,Scorpion's_Tail,サソリの尻尾,3,168,0,10
905,Stem,植物の茎,3,58,0,10
906,Pointed_Scale,鱗の茎,3,70,0,10
907,Resin,古木の露,3,128,0,10
908,Spawn,かえるの卵,3,148,0,10
909,Jellopy,ゼロピー,3,6,0,10
910,Garlet,ガレット,3,40,0,10
911,Scell,セルー,3,160,0,10
912,Zargon,ジャルゴン,3,500,0,10
913,Tooth_of_Bat,こうもりの牙,3,32,0,10
914,Fluff,綿毛,3,8,0,10
915,Chrysalis,さなぎの皮,3,8,0,10
916,Feather_of_Birds,鳥の羽毛,3,10,0,10
917,Talon,鳥のつめ,3,20,0,10
918,Sticky_Webfoot,べとべと水かき,3,20,0,10
919,Animal's_Skin,獣の皮,3,36,0,10
920,Claw_of_Wolves,狼の爪,3,58,0,10
921,Mushroom_Spore,きのこの胞子,3,36,0,10
922,Orcish_Cuspid,オークの牙,3,220,0,10
923,Evil_Horn,悪魔の角,3,1020,0,10
924,Powder_of_Butterfly,蝶の鱗粉,3,90,0,10
925,Bill_of_Birds,鳥のくちばし,3,64,0,10
926,Scale_of_Snakes,蛇の鱗,3,82,0,10
928,Insect_Feeler,虫の觸角,3,114,0,10
929,Immortal_Heart,止まらない心臓,3,374,0,10
930,Rotten_Bandage,くさった包帯,3,358,0,10
931,Orcish_Voucher,オーク戦士の証,3,168,0,10
932,Skel_Bone,スケルボーン,3,232,0,10
934,Mementos,死者の遺品,3,300,0,10
935,Shell,かたい皮,3,12,0,10
936,Scales_Shell,鱗の皮膚,3,466,0,10
937,Posionous_Canine,毒の牙,3,158,0,10
938,Sticky_Mucus,べとべとする液体,3,70,0,10
939,Bee_Sting,ハチの針,3,32,0,10
940,Grasshopper's_Leg,バッタの足,3,36,0,10
941,Nose_Ring,手錠,3,568,0,10
942,Yoyo_Tail,サルのしっぽ,3,114,0,10
943,Solid_Shell,けっこうかたい皮,3,448,0,10
944,Horseshoe,馬のひづめ,3,588,0,10
945,Raccoon_Leaf,タヌキ木の葉,3,106,0,10
946,Snail's_Shell,カタシムリの皮,3,64,0,10
947,Horn,硬い角,3,106,0,10
948,Bear's_Foot,くまの足の裏,3,184,0,10
949,Feather,やわらかな毛,3,20,0,10
950,Heart_of_Mermaid,人魚の心臓,3,264,0,10
951,Fin,背ひれ,3,412,0,10
952,Cactus_Needle,サボテンの針,3,82,0,10
953,Stone_Heart,岩の心臓,3,184,0,10
954,Shining_Scales,輝く鱗,3,466,0,10
955,Worm_Peelings,蟲の皮,3,52,0,10
956,Gill,トゲがつけているエラ,3,342,0,10
957,Decayed_Nail,亡者の爪,3,82,0,10
958,Horrendous_Mouth,亡者の牙,3,390,0,10
959,Rotten_Scale,くさった鱗,3,168,0,10
960,Nipper,かにニッパ,3,114,0,10
961,Conch,貝,3,158,0,10
962,Tentacle,触手,3,70,0,10
963,Sharp_scale,鋭い鱗,3,250,0,10
964,Crap_Shell,かにのこうら,3,90,0,10
965,Clam_Shell,貝殻,3,2,0,10
966,Flesh_Of_Clam,貝のむきみ,3,2,0,10
967,Turtle_Shell,亀のこうら,3,2,0,10
968,Voucher_Of_Orcish_Hero,オーク勇者の証,3,3000,0,10
969,Gold,黄金,3,10000,0,200
970,Alchol,アルコール,3,100,0,30
971,Detrimindexta,ディトリミン,3,100,0,30
972,Karvodailnirol,カルボーディル,3,100,0,30
973,Counteragent,中和剤,3,200,0,70
974,Mixture,混合剤,3,200,0,70
975,Scarlet_Dyestuffs,赤い色の染料,3,1000,0,150
976,Lemon_Dyestuffs,黄色の染料,3,1000,0,150
978,Cobaltblue_Dyestuffs,青い色のの染料,3,1000,0,150
979,Darkgreen_Dyestuffs,緑色の染料,3,1000,0,150
980,Orange_Dyestuffs,紅色の染料,3,1000,0,150
981,Violet_Dyestuffs,紫色の染料,3,1000,0,150
982,White_Dyestuffs,白い色の染料,3,1000,0,150
983,Black_Dyestuffs,黒い色の染料,3,1000,0,150
984,Oridecon,オリデオコン,3,5,0,200
985,Elunium,エルニュム,3,5,0,200
986,Anvil,金敷,3,30000,0,500
987,Oridecon_Anvil,オリデオコン金敷,3,120000,0,700
988,Golden_Anvil,黄金の金敷,3,300000,0,900
989,Emperium_Anvil,エンベリウム金敷,3,2,0,1000
990,Boody_Red,レッドブラッド,3,1000,0,50
991,Crystal_Blue,クリスタルブルー,3,1000,0,50
992,Wind_Of_verdure,ウィンドオブヴェルデュール,3,1000,0,50
993,Yellow_Live,イエローライブ,3,1000,0,50
994,Flame_Heart,フレームハート,3,3000,0,300
995,Mistic_Frozen,ミスティックフローズン,3,3000,0,300
996,Rough_Wind,ラフウィンド,3,3000,0,300
997,Great_Nature,グレイトネイチャ,3,3000,0,300
998,Iron,鉄,3,100,0,150
999,Steel,鋼鉄,3,1000,0,400
1000,Star_Crumb,星のかけら,3,4500,0,100
1001,Sparkling_Dust,星の粉,3,1500,0,10
1002,Iron_Ore,鉄鉱石,3,2,0,300
1003,Coal,石炭,3,500,0,100
1004,Patriotism_Marks,忠節の証,3,2,0,100
1005,Hammer_of_Blacksmith,鍛冶屋の金槌,3,2,0,800
1006,Old_Magic_Book,古い魔法書,3,2,0,30
1007,Penetration,慧眼,3,2,0,40
1008,Frozen_Heart,非情な心,3,2,0,100
1009,Sacred_Marks,聖痕,3,2,0,20
1010,Phracon,プラコン,3,200,0,200
1011,Emveretarcon,エンベルタコン,3,1000,0,200
1012,Lizard_Scruff,トカゲの襟首,3,250,0,10
1013,Colorful_Shell,華麗な蟲の皮,3,90,0,10
1014,Jaws_of_Ant,蟻の顎,3,232,0,10
1015,Thin_N'_Long_Tongue,長く細い舌,3,528,0,10
1016,Rat_Tail,ねずみの尻尾,3,52,0,10
1017,Moustache_Of_Mole,土竜のひげ,3,106,0,10
1018,Nail_of_Mole,土竜の爪,3,210,0,10
1019,Wooden_Block,木屑,3,60,0,10
1020,Long_Hair,長い髪,3,292,0,10
1021,Dokkaebi_Horn,ドケビの角,3,292,0,10
1022,Fox_Tail,狐の尻尾,3,650,0,10
1023,Fish_Tail,魚の尻尾,3,196,0,10
1024,Chinese_Ink,墨汁,3,264,0,10
1025,Spiderweb,くもの糸,3,184,0,10
1026,Acorn,どんぐり,3,98,0,10
1027,Porcupine_Spike,ハリネズミの針,3,158,0,10
1028,Wild_Boar's_Mane,いのししのたてがみ,3,196,0,10
1029,Tiger's_Skin,虎の革,3,548,0,10
1030,Tiger_Footskin,虎の足裏,3,1500,0,10
1031,Limb_Of_Mantis,かまきりの手,3,196,0,10
1032,Blossom_Of_Maneater,食人植物の花,3,196,0,10
1033,Root_Of_Maneater,食人植物の根,3,208,0,10
1034,Cobold_Hair,コボルトの毛,3,342,0,10
1035,Dragon_Canine,ドラゴンの牙,3,484,0,10
1036,Dragon_Scale,ドラゴンの鱗,3,500,0,10
1037,Dragon_Train,ドラゴンの尻尾,3,1200,0,10
1038,Petite_DiablOfs_Horn,子悪魔の角,3,528,0,10
1039,Petite_DiablOfs_Wing,子悪魔の翼,3,2000,0,10
1040,Elder_Pixie's_Beard,年寄り妖精のひげ,3,232,0,10
1041,Lantern,ランタン,3,250,0,10
1042,Short_Leg,短い足,3,430,0,10
1043,Nail_of_Orc,オークの爪,3,168,0,10
1044,Tooth_of_,ジェノークの歯,3,264,0,10
1045,Sacred_Masque,神官の仮面,3,412,0,10
1046,Tweezer,サソリのはさみ,3,614,0,10
1047,Head_of_Medusa,メドゥーサの頭,3,548,0,10
1048,Slender_Snake,蛇模様の髪,3,800,0,10
1049,Skirt_of_Virgin,処女の着物,3,1700,0,10
1050,Tendon,血管,3,220,0,10
1051,Detonator,雷管,3,450,0,10
1052,Single_Cell,単細胞,3,46,0,10
1053,Tooth_of_Ancient_Fish,古代魚の歯,3,548,0,10
1054,Lip_of_Ancient_Fish,古代魚の唇,3,1000,0,10
1055,Earthworm_Peeling,ミミズの皮,3,196,0,10
1056,Grit,砂のかけら,3,306,0,10
1057,Moth_Dust,蛾の羽粉,3,138,0,10
1058,Wing_Of_Moth,蛾の羽,3,200,0,10
1059,Transparent_Cloth,透明な布,3,306,0,10
1060,Golden_Hair,金髪の髪,3,430,0,10
1061,Starsand_Of_Witch,魔女の星の砂,3,484,0,10
1062,Pumpkin_Head,カボチャの頭,3,374,0,10
1063,Sharpened_Cuspid,鋭い牙,3,680,0,10
1064,Reins,馬の手綱,3,802,0,10
1065,Booby_Trap,設置用トラップ,3,100,0,100
1066,Tree_Of_Archer_1,きめの細かい木屑,3,2,0,10
1067,Tree_Of_Archer_2,硬い木屑,3,2,0,10
1068,Tree_Of_Archer_3,乾いた木屑,3,2,0,10
1069,Mushroom_Of_Thief_1,紅の毛網キノコ,3,2,0,10
1070,Mushroom_Of_Thief_2,紅の毛ベトベトキノコ,3,2,0,10
1071,Mage_Test_1,黒い液体の試験管,3,2,0,10
1072,Delivery_Message,マンスの手紙,3,2,0,10
1073,Merchant_Voucher_1,配達領収書,3,2,0,10
1074,Merchant_Voucher_2,配達領収書,3,2,0,10
1075,Merchant_Voucher_3,配達領収書,3,2,0,10
1076,Merchant_Voucher_4,配達領収書,3,2,0,10
1077,Merchant_Voucher_5,配達領収書,3,2,0,10
1078,Merchant_Voucher_6,配達領収書,3,2,0,10
1079,Merchant_Voucher_7,配達領収書,3,2,0,10
1080,Merchant_Voucher_8,配達領収書,3,2,0,10
1081,Merchant_Box_1,配達用の木箱,3,2,0,120
1082,Merchant_Box_2,配達用の木箱,3,2,0,120
1083,Merchant_Box_3,配達用の木箱,3,2,0,120
1084,Kapra's_Pass,カプラ利用権,3,2,0,10
1085,Mage_Test_2,黒い液体の試験管,3,2,0,10
1086,Mage_Test_3,黒い液体の試験管,3,2,0,10,,,,,,,,,,,,,,,,,,,,,,,,,,,,,,
1087,Mage_Test_4,黒い液体の試験管,3,2,0,10,,,,,,,,,,,,,,,,,,,,,,,,,,,,,,
1088,Morocc_Potion,モロク水溶液,3,2,0,10,,,,,,,,,,,,,,,,,,,,,,,,,,,,,,
1089,Payon_Potion,フェイヨン水溶液,3,2,0,10,,,,,,,,,,,,,,,,,,,,,,,,,,,,,,
1090,Mage_Test_Etc,黒い液体の試験管,3,2,0,10,,,,,,,,,,,,,,,,,,,,,,,,,,,,,,
1091,Merchant_Box_Etc,配達用の木箱,3,2,0,120,,,,,,,,,,,,,,,,,,,,,,,,,,,,,,
1092,Empty_Cylinder,空の試験管,3,3,0,10,,,,,,,,,,,,,,,,,,,,,,,,,,,,,,
1093,Empty_Potion,空のポーション瓶,3,10,0,10,,,,,,,,,,,,,,,,,,,,,,,,,,,,,,
1094,,短いピッグテールリボン,3,278,0,10,,,,,,,,,,,,,,,,,,,,,,,,,,,,,,
1095,,時計の針,3,796,0,10,,,,,,,,,,,,,,,,,,,,,,,,,,,,,,
1096,,丸形の皮,3,954,0,10,,,,,,,,,,,,,,,,,,,,,,,,,,,,,,
1097,,古い本のページ,3,820,0,10,,,,,,,,,,,,,,,,,,,,,,,,,,,,,,
1098,,手錠,3,658,0,10,,,,,,,,,,,,,,,,,,,,,,,,,,,,,,
1099,,ボロボロ囚人服,3,466,0,10,,,,,,,,,,,,,,,,,,,,,,,,,,,,,,
1101,Sword,ソード,4,100,0,500,25,0,0,0,1,3,0,0,0,0,0,0,6371,2,2,1,2,2,0,0,0,0,0,0,0,0,0,0,0,0
1102,Sword_,ソード,4,100,0,500,25,0,0,0,1,4,0,0,0,0,0,0,6371,2,2,1,2,2,0,0,0,0,0,0,0,0,0,0,0,0
1103,Sword__,ソード,4,100,0,500,25,0,0,0,1,0,0,0,0,0,0,0,6371,2,2,1,2,2,0,0,0,0,0,0,0,0,0,0,0,0
1104,Falchion,ファルシオン,4,1500,0,600,39,0,0,0,1,3,0,0,0,0,0,0,6371,2,2,1,2,2,0,0,0,0,0,0,0,0,0,0,0,0
1105,Falchion_,ファルシオン,4,1500,0,600,39,0,0,0,1,4,0,0,0,0,0,0,6371,2,2,1,2,2,0,0,0,0,0,0,0,0,0,0,0,0
1106,Falchion__,ファルシオン,4,1500,0,600,39,0,0,0,1,0,0,0,0,0,0,0,6371,2,2,1,2,2,0,0,0,0,0,0,0,0,0,0,0,0
1107,Blade,ブレイド,4,2900,0,700,53,0,0,0,1,3,0,0,0,0,0,0,6371,2,2,1,2,2,0,0,0,0,0,0,0,0,0,0,0,0
1108,Blade_,ブレイド,4,2900,0,700,53,0,0,0,1,4,0,0,0,0,0,0,6371,2,2,1,2,2,0,0,0,0,0,0,0,0,0,0,0,0
1109,Blade__,ブレイド,4,2900,0,700,53,0,0,0,1,0,0,0,0,0,0,0,6371,2,2,1,2,2,0,0,0,0,0,0,0,0,0,0,0,0
1110,Lapier,レイピア,4,10000,0,500,70,0,0,0,1,2,0,0,0,0,0,0,6371,2,2,2,14,2,0,0,0,0,0,0,0,0,0,0,0,0
1111,Lapier_,レイピア,4,10000,0,500,70,0,0,0,1,3,0,0,0,0,0,0,6371,2,2,2,14,2,0,0,0,0,0,0,0,0,0,0,0,0
1112,Lapier__,レイピア,4,10000,0,500,70,0,0,0,1,0,0,0,0,0,0,0,6371,2,2,2,14,2,0,0,0,0,0,0,0,0,0,0,0,0
1113,Scimiter,シミター,4,17000,0,700,85,0,0,0,1,2,0,0,0,0,0,0,6371,2,2,2,14,2,0,0,0,0,0,0,0,0,0,0,0,0
1114,Scimiter_,シミター,4,17000,0,700,85,0,0,0,1,3,0,0,0,0,0,0,6371,2,2,2,14,2,0,0,0,0,0,0,0,0,0,0,0,0
1115,Scimiter__,シミター,4,17000,0,700,85,0,0,0,1,3,0,0,0,0,0,0,6371,2,2,2,14,2,0,0,0,0,0,0,0,0,0,0,0,0
1116,Katana,カタナ,4,2000,0,1000,60,0,0,0,1,3,0,0,0,0,0,0,130,2,34,1,4,3,0,0,0,0,0,0,0,0,0,0,0,0
1117,Katana_,カタナ,4,2000,0,1000,60,0,0,0,1,4,0,0,0,0,0,0,130,2,34,1,4,3,0,0,0,0,0,0,0,0,0,0,0,0
1118,Katana__,カタナ,4,2000,0,1000,60,0,0,0,1,0,0,0,0,0,0,0,130,2,34,1,4,3,0,0,0,0,0,0,0,0,0,0,0,0
1119,Tsurugi,ツルギ,4,51000,0,1200,130,0,0,0,1,1,0,0,0,0,0,0,6371,2,2,3,27,2,0,0,0,0,0,0,0,0,0,0,0,0
1120,Tsurugi_,ツルギ,4,51000,0,1200,130,0,0,0,1,2,0,0,0,0,0,0,6371,2,2,3,27,2,0,0,0,0,0,0,0,0,0,0,0,0
1121,Tsurugi__,ツルギ,4,51000,0,1200,130,0,0,0,1,0,0,0,0,0,0,0,6371,2,2,3,27,2,0,0,0,0,0,0,0,0,0,0,0,0
1122,Ring_pommel_Saber,環頭太刀,4,24000,0,900,100,0,0,0,1,2,0,0,0,0,0,0,6371,2,2,2,14,2,0,0,0,0,0,0,0,0,0,0,0,0
1123,Haedonggum,海東剣,4,50000,0,900,120,0,0,0,1,1,0,0,0,3,0,0,6371,2,2,3,27,2,0,0,0,0,0,0,0,0,0,0,0,0
1124,Orcish_sword,オーキッシュソード,4,20,0,800,90,0,0,0,1,0,0,0,0,0,0,0,6371,2,2,4,40,2,0,0,0,0,0,0,0,0,0,0,0,0
1125,Ring_pommel_Saber_,環頭太刀,4,24000,0,900,100,0,0,0,1,3,0,0,0,0,0,0,6371,2,2,2,14,2,0,0,0,0,0,0,0,0,0,0,0,0
1126,Saber,サーベル,4,49000,0,1000,115,0,0,0,1,2,0,0,0,0,0,0,6371,2,2,3,27,2,0,0,0,0,0,0,0,0,0,0,0,0
1127,Saber_,サーベル,4,49000,0,1000,115,0,0,0,1,3,0,0,0,0,0,0,6371,2,2,3,27,2,0,0,0,0,0,0,0,0,0,0,0,0
1128,Hae_Dong_Gum_,海東剣,4,50000,0,900,120,0,0,0,1,2,0,0,0,3,0,0,6371,2,2,3,27,2,0,0,0,0,0,0,0,0,0,0,0,0
1129,Flamberge,フランベルジェ,4,60000,0,1500,150,0,0,0,1,0,0,0,0,0,0,0,6371,2,2,3,27,2,0,0,0,0,0,0,0,0,0,0,0,0
1130,Nagan,ネイガン,4,20,0,500,120,0,0,0,1,0,0,0,0,0,0,0,6371,2,2,4,40,2,0,0,0,0,0,0,0,0,0,0,0,0
1131,Ice_Falchon,アイスファルシオン,4,20,0,600,100,0,0,0,1,0,0,0,0,0,0,0,6371,2,2,4,40,2,1,0,0,0,0,0,0,0,0,0,0,0
1132,Edge,エッジ,4,20,0,700,115,0,0,0,1,0,0,0,0,0,0,0,6371,2,2,4,40,2,0,0,0,0,0,0,0,0,0,0,0,0
1133,Fire_brand,ファイアーブランド,4,20,0,500,100,0,0,0,1,0,0,0,0,0,0,0,6371,2,2,4,40,2,3,0,0,0,0,0,0,0,0,0,0,0
1134,Scissores_Sword,シーザーズソード,4,20,0,700,140,0,0,0,1,0,0,0,0,0,0,0,6371,2,2,4,40,2,0,0,0,0,0,0,0,0,0,0,0,0
1135,Cutlas,カトラス,4,20,0,900,150,0,0,0,1,0,0,0,0,0,0,0,6371,2,2,4,40,2,0,0,0,0,0,0,0,0,0,0,0,0
1136,Solar_Sword,太陽剣,4,20,0,1200,70,0,0,0,1,0,0,0,0,0,0,0,6371,2,2,4,40,2,3,0,0,0,0,0,0,0,0,0,0,0
1137,Excalibur,エクスキャリバー,4,20,0,1200,150,0,0,0,1,0,0,0,0,5,0,0,6371,2,2,4,40,2,6,0,0,0,0,0,0,0,0,0,0,0
1138,Mysteltainn,ミステールテイン,4,20,0,1000,160,0,0,0,1,0,0,0,0,0,0,0,6371,2,2,4,40,2,7,0,0,0,0,0,0,0,0,0,0,0
1139,Tale_Fing,テイルピング,4,20,0,1000,185,0,0,0,1,0,0,0,0,0,0,0,6371,2,2,4,40,2,7,0,0,0,0,0,0,0,0,0,0,0
1140,Byeorrun_Gum,別雲劍,4,20,0,900,150,0,0,0,1,0,0,0,0,0,0,0,6371,2,2,4,40,2,0,0,0,0,0,0,0,0,0,0,0,0
1141,Immaterial_Sword,無形剣,4,20,0,900,140,0,0,0,1,0,0,0,0,0,0,0,6371,2,2,4,40,2,8,0,0,0,0,0,0,0,0,0,0,0
1151,Slayer,スレイヤー,4,15000,0,1300,90,0,0,0,1,2,0,0,0,0,0,0,130,2,34,2,18,3,0,0,0,0,0,0,0,0,0,0,0,0
1152,Slayer_,スレイヤー,4,15000,0,1300,90,0,0,0,1,3,0,0,0,0,0,0,130,2,34,2,18,3,0,0,0,0,0,0,0,0,0,0,0,0
1153,Slayer__,スレイヤー,4,15000,0,1300,90,0,0,0,1,0,0,0,0,0,0,0,130,2,34,2,18,3,0,0,0,0,0,0,0,0,0,0,0,0
1154,Bastard_Sword,バスタードソード,4,22500,0,1600,115,0,0,0,1,2,0,0,0,0,0,0,130,2,34,2,18,3,0,0,0,0,0,0,0,0,0,0,0,0
1155,Bastard_Sword_,バスタードソード,4,22500,0,1600,115,0,0,0,1,3,0,0,0,0,0,0,130,2,34,2,18,3,0,0,0,0,0,0,0,0,0,0,0,0
1156,Bastard_Sword__,バスタードソード,4,22500,0,1600,115,0,0,0,1,0,0,0,0,0,0,0,130,2,34,2,18,3,0,0,0,0,0,0,0,0,0,0,0,0
1157,Two_hand_Sword,ツーハンドソード,4,60000,0,2200,160,0,0,0,1,1,0,0,0,0,0,0,130,2,34,3,33,3,0,0,0,0,0,0,0,0,0,0,0,0
1158,Two_hand_Sword_,ツーハンドソード,4,60000,0,2200,160,0,0,0,1,2,0,0,0,0,0,0,130,2,34,3,33,3,0,0,0,0,0,0,0,0,0,0,0,0
1159,Two_hand_Sword__,ツーハンドソード,4,60000,0,2200,160,0,0,0,1,0,0,0,0,0,0,0,130,2,34,3,33,3,0,0,0,0,0,0,0,0,0,0,0,0
1160,Broad_Sword,ブロードソード,4,65000,0,2000,140,0,5,0,1,1,0,0,0,0,0,0,130,2,34,3,33,3,0,0,0,0,0,0,0,0,0,0,0,0
1161,Balmung,バルムン,4,20,0,1000,300,0,0,0,2,0,0,0,0,0,0,0,8191,2,2,4,1,1,0,0,0,0,0,0,0,0,0,0,0,0
1162,Broad_Sword_,ブロードソード,4,65000,0,2000,140,0,5,0,1,2,0,0,0,0,0,0,130,2,34,3,33,3,0,0,0,0,0,0,0,0,0,0,0,0
1163,Claymore,クレイモア,4,74000,0,2500,180,0,0,0,1,0,0,0,0,0,0,0,128,2,34,3,33,3,0,0,0,0,0,0,0,0,0,0,0,0
1164,Muramasa,村正,4,20,0,1000,170,0,0,0,1,0,0,0,0,0,0,0,130,2,34,4,48,3,0,0,0,0,0,0,0,0,0,0,0,0
1165,Masamune,正宗,4,20,0,1000,200,0,0,0,1,0,0,0,0,0,0,0,130,2,34,4,48,3,0,0,0,0,0,0,0,0,0,0,0,0
1166,Dragon_Slayer,ドラゴンスレイヤー,4,20,0,1300,150,0,0,0,1,0,0,0,0,0,0,0,130,2,34,4,48,3,0,0,0,0,0,0,0,0,0,0,0,0
1167,Schweizersabel,シュバイチェルシャベル,4,20,0,1600,160,0,0,0,1,0,0,0,0,0,0,0,130,2,34,4,48,3,4,0,0,0,0,0,0,0,0,0,0,0
1168,Zweihander,ツヴァイハンダー,4,20,0,2200,190,0,0,0,1,0,0,0,0,0,0,0,130,2,34,4,48,3,0,0,0,0,0,0,0,0,0,0,0,0
1169,Executioner,エクセキューショナ,4,20,0,2200,155,0,0,0,1,0,0,0,0,0,0,0,130,2,34,4,48,3,7,0,0,0,0,0,0,0,0,0,0,0
1170,Katzbalger,カッツバルゲル,4,20,0,2000,175,0,10,0,1,0,0,0,5,0,0,0,130,2,34,4,48,3,0,0,0,0,0,0,0,0,0,0,0,0
1201,Knife,ナイフ,4,50,0,400,17,0,0,0,1,3,0,0,0,0,0,0,7151,2,2,1,1,1,0,0,0,0,0,0,0,0,0,0,0,0
1202,Knife_,ナイフ,4,50,0,400,17,0,0,0,1,4,0,0,0,0,0,0,7151,2,2,1,1,1,0,0,0,0,0,0,0,0,0,0,0,0
1203,Knife__,ナイフ,4,50,0,400,17,0,0,0,1,0,0,0,0,0,0,0,7151,2,2,1,1,1,0,0,0,0,0,0,0,0,0,0,0,0
1204,Cutter,カッター,4,1250,0,500,30,0,0,0,1,3,0,0,0,0,0,0,7151,2,2,1,1,1,0,0,0,0,0,0,0,0,0,0,0,0
1205,Cutter_,カッター,4,1250,0,500,30,0,0,0,1,4,0,0,0,0,0,0,7151,2,2,1,1,1,0,0,0,0,0,0,0,0,0,0,0,0
1206,Cutter__,カッター,4,1250,0,500,30,0,0,0,1,0,0,0,0,0,0,0,7151,2,2,1,1,1,0,0,0,0,0,0,0,0,0,0,0,0
1207,Main_gauche,マインゴーシュ,4,2400,0,600,43,0,0,0,1,3,0,0,0,0,0,0,7151,2,2,1,1,1,0,0,0,0,0,0,0,0,0,0,0,0
1208,Main_gauche_,マインゴーシュ,4,2400,0,600,43,0,0,0,1,4,0,0,0,0,0,0,7151,2,2,1,1,1,0,0,0,0,0,0,0,0,0,0,0,0
1209,Main_gauche__,マインゴーシュ,4,2400,0,600,43,0,0,0,1,0,0,0,0,0,0,0,7151,2,2,1,1,1,0,0,0,0,0,0,0,0,0,0,0,0
1210,Dirk,ダーク,4,8500,0,500,59,0,0,0,1,2,0,0,0,0,0,0,7151,2,2,2,12,1,0,0,0,0,0,0,0,0,0,0,0,0
1211,Dirk_,ダーク,4,8500,0,500,59,0,0,0,1,3,0,0,0,0,0,0,7151,2,2,2,12,1,0,0,0,0,0,0,0,0,0,0,0,0
1212,Dirk__,ダーク,4,8500,0,500,59,0,0,0,1,0,0,0,0,0,0,0,7151,2,2,2,12,1,0,0,0,0,0,0,0,0,0,0,0,0
1213,Dagger,ダガー,4,14000,0,600,73,0,0,0,1,2,0,0,0,0,0,0,7151,2,2,2,12,1,0,0,0,0,0,0,0,0,0,0,0,0
1214,Dagger_,ダガー,4,14000,0,600,73,0,0,0,1,3,0,0,0,0,0,0,7151,2,2,2,12,1,0,0,0,0,0,0,0,0,0,0,0,0
1215,Dagger__,ダガー,4,14000,0,600,73,0,0,0,1,0,0,0,0,0,0,0,7151,2,2,2,12,1,0,0,0,0,0,0,0,0,0,0,0,0
1216,Stiletto,スチールレート,4,19500,0,700,87,0,0,0,1,2,0,0,0,0,0,0,7151,2,2,2,12,1,0,0,0,0,0,0,0,0,0,0,0,0
1217,Stiletto_,スチールレート,4,19500,0,700,87,0,0,0,1,3,0,0,0,0,0,0,7151,2,2,2,12,1,0,0,0,0,0,0,0,0,0,0,0,0
1218,Stiletto__,スチールレート,4,19500,0,700,87,0,0,0,1,0,0,0,0,0,0,0,7151,2,2,2,12,1,0,0,0,0,0,0,0,0,0,0,0,0
1219,Gladius,グラディウス,4,43000,0,700,105,0,0,0,1,2,0,0,0,0,0,0,7151,2,2,3,24,1,0,0,0,0,0,0,0,0,0,0,0,0
1220,Gladius_,グラディウス,4,43000,0,700,105,0,0,0,1,3,0,0,0,0,0,0,7151,2,2,3,24,1,0,0,0,0,0,0,0,0,0,0,0,0
1221,Gladius__,グラディウス,4,43000,0,700,105,0,0,0,1,0,0,0,0,0,0,0,7151,2,2,3,24,1,0,0,0,0,0,0,0,0,0,0,0,0
1222,Damascus,ダマスカス,4,49000,0,800,118,0,0,0,1,1,0,0,0,0,0,0,7151,2,2,3,24,1,0,0,0,0,0,0,0,0,0,0,0,0
1223,Forturn_Sword,フォーチュンソード,4,20,0,500,90,0,0,0,1,0,0,0,0,0,0,5,7151,2,2,4,36,1,0,0,0,0,0,0,0,0,0,0,0,0
1224,Sword_Breaker,ソードブレイカ,4,20,0,1000,40,0,0,0,1,0,0,0,0,0,0,0,7151,2,2,4,36,1,0,0,0,0,0,0,0,0,0,0,0,0
1225,Mail_Breaker,メイルブレイカー,4,20,0,1000,40,0,0,0,1,0,0,0,0,0,0,0,7151,2,2,4,36,1,0,0,0,0,0,0,0,0,0,0,0,0
1226,Damascus_,ダマスカス,4,49000,0,800,118,0,0,0,1,2,0,0,0,0,0,0,7151,2,2,3,24,1,0,0,0,0,0,0,0,0,0,0,0,0
1227,Weeder_Knife,ウィ-ダーナイフ,4,20,0,400,80,0,0,0,1,0,0,0,0,0,0,0,7151,2,2,4,36,1,0,0,0,0,0,0,0,0,0,0,0,0
1228,Combat_Knife,コンバットナイフ,4,20,0,400,80,0,0,0,1,0,0,0,0,0,0,0,7151,2,2,4,36,1,0,0,0,0,0,0,0,0,0,0,0,0
1229,Mama's_Knife,包丁,4,20,0,500,75,0,0,0,1,0,0,0,0,0,0,0,7151,2,2,4,36,1,0,0,0,0,0,0,0,0,0,0,0,0
1230,House_Auger,錐,4,20,0,600,80,0,0,0,1,0,0,0,0,0,0,0,7151,2,2,4,36,1,0,0,0,0,0,0,0,0,0,0,0,0
1231,Bazerald,バゼラルド,4,20,0,500,70,0,0,0,1,0,0,0,0,0,0,0,7151,2,2,4,36,1,3,0,0,0,0,0,0,0,0,0,0,0
1232,Assasin_Dagger,アサシンダガー,4,20,0,600,125,0,0,0,1,0,0,0,0,0,0,0,7151,2,2,4,36,1,7,0,0,0,0,0,0,0,0,0,0,0
1233,Exercise,エキサーサイズ,4,20,0,700,90,0,0,0,1,0,0,0,0,0,0,0,7151,2,2,4,36,1,0,0,0,0,0,0,0,0,0,0,0,0
1234,Moonlight_Sword,月光剣,4,20,0,700,50,0,0,0,1,0,0,0,0,0,0,0,7151,2,2,4,36,1,0,0,0,0,0,0,0,0,0,0,0,0
1235,Azoth,アゾート,4,20,0,700,110,0,0,0,1,0,0,0,0,0,0,0,7151,2,2,4,36,1,0,0,0,0,0,0,0,0,0,0,0,0
1236,Sucsamad,スクサマッド,4,20,0,800,140,0,0,0,1,0,0,0,0,0,0,0,7151,2,2,4,36,1,0,0,0,0,0,0,0,0,0,0,0,0
1237,Grimtooth,オーガトゥース,4,20,0,800,150,0,0,0,1,0,0,0,0,0,0,0,7151,2,2,4,36,1,0,0,0,0,0,0,0,0,0,0,0,0
1250,Jur,ジュル,4,19500,0,800,125,0,0,0,1,2,0,0,0,0,0,0,4096,2,34,2,18,16,0,0,0,0,0,0,0,0,0,0,0,0
1251,Jur_,ジュル,4,19500,0,800,125,0,0,0,1,3,0,0,0,0,0,0,4096,2,34,2,18,16,0,0,0,0,0,0,0,0,0,0,0,0
1252,Katar,カタール,4,41000,0,1200,148,0,0,0,1,1,0,0,0,0,1,0,4096,2,34,3,33,16,0,0,0,0,0,0,0,0,0,0,0,0
1253,Katar_,カタール,4,41000,0,1200,148,0,0,0,1,2,0,0,0,0,1,0,4096,2,34,3,33,16,0,0,0,0,0,0,0,0,0,0,0,0
1254,Jamadhar,ジャマハダル,4,37200,0,1500,165,0,0,0,1,0,0,0,0,0,0,0,4096,2,34,3,33,16,0,0,0,0,0,0,0,0,0,0,0,0
1255,Jamadhar_,ジャマハダル,4,37200,0,1500,165,0,0,0,1,1,0,0,0,0,0,0,4096,2,34,3,33,16,0,0,0,0,0,0,0,0,0,0,0,0
1256,,冷たい氷柱のカタール,4,,0,1200,105,0,0,0,1,0,0,0,0,0,0,0,4096,2,34,3,55,16,1,0,0,0,0,0,0,0,0,0,0,0
1257,,尖ってるいばらのカタール,4,,0,1200,105,0,0,0,1,0,0,0,0,0,0,0,4096,2,34,3,55,16,2,0,0,0,0,0,0,0,0,0,0,0
1258,,爆炎のカタール,4,,0,1200,105,0,0,0,1,0,0,0,0,0,0,0,4096,2,34,3,55,16,3,0,0,0,0,0,0,0,0,0,0,0
1259,,鎌イタチ,4,,0,1200,105,0,0,0,1,0,0,0,0,0,0,0,4096,2,34,3,55,16,4,0,0,0,0,0,0,0,0,0,0,0
1260,,デスナイフ,4,,0,1700,150,0,0,0,1,0,0,0,0,0,0,0,4096,2,34,3,65,16,9,0,0,0,0,0,0,0,0,0,0,0
1261,,裏切り者,4,,0,1500,100,0,0,0,1,0,0,0,0,0,0,0,4096,2,34,4,75,16,0,0,0,0,0,0,0,0,0,0,0,0
1301,Axe,アックス,4,500,0,1200,35,0,0,0,1,3,0,0,0,0,0,0,6371,2,2,1,3,6,0,0,0,0,0,0,0,0,0,0,0,0
1302,Axe_,アックス,4,500,0,1200,35,0,0,0,1,4,0,0,0,0,0,0,6371,2,2,1,3,6,0,0,0,0,0,0,0,0,0,0,0,0
1303,Axe__,アックス,4,500,0,1200,35,0,0,0,1,0,0,0,0,0,0,0,6371,2,2,1,3,6,0,0,0,0,0,0,0,0,0,0,0,0
1304,Orcish_Axe,オーキッシュアックス,4,20,0,2000,60,0,0,0,1,0,0,0,0,0,0,0,6371,2,2,4,3,6,0,0,0,0,0,0,0,0,0,0,0,0
1305,Cleaver,クリーヴァー,4,20,0,120,140,0,0,0,1,0,0,0,0,0,0,0,6371,2,2,4,44,6,0,0,0,0,0,0,0,0,0,0,0,0
1351,Battle_Axe,バトルアックス,4,5400,0,1800,75,0,0,0,1,3,0,0,0,0,0,0,2210,2,34,1,3,7,0,0,0,0,0,0,0,0,0,0,0,0
1352,Battle_Axe_,バトルアックス,4,5400,0,1800,75,0,0,0,1,4,0,0,0,0,0,0,2210,2,34,1,3,7,0,0,0,0,0,0,0,0,0,0,0,0
1353,Battle_Axe__,バトルアックス,4,5400,0,1800,75,0,0,0,1,0,0,0,0,0,0,0,2210,2,34,1,3,7,0,0,0,0,0,0,0,0,0,0,0,0
1354,Hammer,ハンマー,4,15500,0,2300,110,0,0,0,1,2,0,0,0,0,0,0,2210,2,34,2,16,7,0,0,0,0,0,0,0,0,0,0,0,0
1355,Hammer_,ハンマー,4,15500,0,2300,110,0,0,0,1,3,0,0,0,0,0,0,2210,2,34,2,16,7,0,0,0,0,0,0,0,0,0,0,0,0
1356,Hammer__,ハンマー,4,15500,0,2300,110,0,0,0,1,0,0,0,0,0,0,0,2210,2,34,2,16,7,0,0,0,0,0,0,0,0,0,0,0,0
1357,Buster,バスター,4,34000,0,2500,140,0,0,0,1,1,0,0,0,0,0,0,2210,2,34,3,30,7,0,0,0,0,0,0,0,0,0,0,0,0
1358,Buster_,バスター,4,34000,0,2500,140,0,0,0,1,2,0,0,0,0,0,0,2210,2,34,3,30,7,0,0,0,0,0,0,0,0,0,0,0,0
1359,Buster__,バスター,4,34000,0,2500,140,0,0,0,1,0,0,0,0,0,0,0,2210,2,34,3,30,7,0,0,0,0,0,0,0,0,0,0,0,0
1360,Two_handed_Axe,ツーハンドアックス,4,55000,0,3000,170,0,0,0,1,1,0,0,0,0,0,0,2210,2,34,3,30,7,0,0,0,0,0,0,0,0,0,0,0,0
1361,Two_handed_Axe_,ツーハンドアックス,4,55000,0,3000,170,0,0,0,1,2,0,0,0,0,0,0,2210,2,34,3,30,7,0,0,0,0,0,0,0,0,0,0,0,0
1362,Two_handed_Axe__,ツーハンドアックス,4,55000,0,3000,170,0,0,0,1,0,0,0,0,0,0,0,2210,2,34,3,30,7,0,0,0,0,0,0,0,0,0,0,0,0
1363,Brood_Axe,ブラッドアックス,4,20,0,4000,160,0,0,0,1,0,10,0,0,0,0,0,2210,2,34,4,44,7,0,0,0,0,0,0,0,0,0,0,0,0
1364,Great_Axe,グレイトアックス,4,20,0,1800,185,0,0,0,1,0,0,0,0,0,0,0,2210,2,34,4,44,7,0,0,0,0,0,0,0,0,0,0,0,0
1365,Sabbath,サバス,4,20,0,2300,120,0,0,0,1,0,0,0,0,0,0,0,2210,2,34,4,44,7,7,0,0,0,0,0,0,0,0,0,0,0
1366,Right_Epsilon,ライトエプシロン,4,20,0,2300,180,0,0,0,1,0,0,0,0,0,0,0,2210,2,34,4,44,7,6,0,0,0,0,0,0,0,0,0,0,0
1367,Slaughter,スローター,4,20,0,2500,120,0,0,0,1,0,0,0,0,0,0,0,2210,2,34,4,44,7,2,0,0,0,0,0,0,0,0,0,0,0
1368,Tomahawk,トマホーク,4,20,0,2500,165,0,0,0,1,0,0,0,0,0,0,0,2210,2,34,4,44,7,4,0,0,0,0,0,0,0,0,0,0,0
1369,Guillotine,ギロチン,4,20,0,3000,215,0,0,0,1,0,0,0,0,0,0,0,2210,2,34,4,44,7,0,0,0,0,0,0,0,0,0,0,0,0
1401,Javelin,ジャベリン,4,150,0,700,28,0,0,0,3,3,0,0,0,0,0,0,130,2,2,1,4,4,0,0,0,0,0,0,0,0,0,0,0,0
1402,Javelin_,ジャベリン,4,150,0,700,28,0,0,0,3,4,0,0,0,0,0,0,130,2,2,1,4,4,0,0,0,0,0,0,0,0,0,0,0,0
1403,Javelin__,ジャベリン,4,150,0,700,28,0,0,0,3,0,0,0,0,0,0,0,130,2,2,1,4,4,0,0,0,0,0,0,0,0,0,0,0,0
1404,Spear,スピアー,4,1700,0,850,44,0,0,0,3,3,0,0,0,0,0,0,130,2,2,1,4,4,0,0,0,0,0,0,0,0,0,0,0,0
1405,Spear_,スピアー,4,1700,0,850,44,0,0,0,3,4,0,0,0,0,0,0,130,2,2,1,4,4,0,0,0,0,0,0,0,0,0,0,0,0
1406,Spear__,スピアー,4,1700,0,850,44,0,0,0,3,0,0,0,0,0,0,0,130,2,2,1,4,4,0,0,0,0,0,0,0,0,0,0,0,0
1407,Pike,パイク,4,3450,0,1000,60,0,0,0,3,3,0,0,0,0,0,0,130,2,2,1,4,4,0,0,0,0,0,0,0,0,0,0,0,0
1408,Pike_,パイク,4,3450,0,1000,60,0,0,0,3,4,0,0,0,0,0,0,130,2,2,1,4,4,0,0,0,0,0,0,0,0,0,0,0,0
1409,Pike__,パイク,4,3450,0,1000,60,0,0,0,3,0,0,0,0,0,0,0,130,2,2,1,4,4,0,0,0,0,0,0,0,0,0,0,0,0
1410,Lance,ランス,4,60000,0,2500,185,0,0,0,3,0,0,0,0,0,0,0,128,2,34,3,33,5,0,0,0,0,0,0,0,0,0,0,0,0
1411,Lance_,ランス,4,60000,0,2500,185,0,0,0,3,0,0,0,0,0,0,0,128,2,34,3,33,5,0,0,0,0,0,0,0,0,0,0,0,0
1412,Lance__,ランス,4,60000,0,2500,185,0,0,0,3,0,0,0,0,0,0,0,128,2,34,3,33,5,0,0,0,0,0,0,0,0,0,0,0,0
1413,Gungnir,グングニ－ル,4,20,0,500,95,0,0,0,3,0,0,0,0,0,0,0,130,2,2,4,4,4,4,0,0,0,0,0,0,0,0,0,0,0
1414,Gelerdria,ゲラドリア,4,20,0,700,145,0,0,0,3,0,0,0,0,0,0,0,130,2,2,4,48,4,2,0,0,0,0,0,0,0,0,0,0,0
1415,Skewer,串,4,20,0,850,85,0,0,0,3,0,0,0,0,0,0,0,130,2,2,4,48,4,0,0,0,0,0,0,0,0,0,0,0,0
1416,Tjungkuletti,テュングレティー,4,20,0,1000,100,0,0,0,3,0,0,0,0,0,0,0,130,2,2,4,48,4,0,0,0,0,0,0,0,0,0,0,0,0
1451,Guisarme,ギザルム,4,13000,0,1000,84,0,0,0,3,2,0,0,0,0,0,0,130,2,34,2,18,5,0,0,0,0,0,0,0,0,0,0,0,0
1452,Guisarme_,ギザルム,4,13000,0,1000,84,0,0,0,3,3,0,0,0,0,0,0,130,2,34,2,18,5,0,0,0,0,0,0,0,0,0,0,0,0
1453,Guisarme__,ギザルム,4,13000,0,1000,84,0,0,0,3,0,0,0,0,0,0,0,130,2,34,2,18,5,0,0,0,0,0,0,0,0,0,0,0,0
1454,Glaive,グレイヴ,4,20000,0,1200,104,0,0,0,3,2,0,0,0,0,0,0,130,2,34,2,18,5,0,0,0,0,0,0,0,0,0,0,0,0
1455,Glaive_,グレイヴ,4,20000,0,1200,104,0,0,0,3,3,0,0,0,0,0,0,130,2,34,2,18,5,0,0,0,0,0,0,0,0,0,0,0,0
1456,Glaive__,グレイヴ,4,20000,0,1200,104,0,0,0,3,0,0,0,0,0,0,0,130,2,34,2,18,5,0,0,0,0,0,0,0,0,0,0,0,0
1457,Partizan,パルチザン,4,27000,0,2000,124,0,0,0,3,1,0,0,0,0,0,0,130,2,34,2,18,5,0,0,0,0,0,0,0,0,0,0,0,0
1458,Partizan_,パルチザン,4,27000,0,2000,124,0,0,0,3,2,0,0,0,0,0,0,130,2,34,2,18,5,0,0,0,0,0,0,0,0,0,0,0,0
1459,Partizan__,パルチザン,4,27000,0,2000,124,0,0,0,3,0,0,0,0,0,0,0,130,2,34,3,33,5,0,0,0,0,0,0,0,0,0,0,0,0
1460,Trident,トライデント,4,51000,0,1200,150,0,0,0,3,2,0,0,0,0,0,0,130,2,34,3,33,5,0,0,0,0,0,0,0,0,0,0,0,0
1461,Trident_,トライデント,4,51000,0,1200,150,0,0,0,3,3,0,0,0,0,0,0,130,2,34,3,33,5,0,0,0,0,0,0,0,0,0,0,0,0
1462,Trident__,トライデント,4,51000,0,1200,150,0,0,0,3,0,0,0,0,0,0,0,130,2,34,3,33,5,0,0,0,0,0,0,0,0,0,0,0,0
1463,Halberd,ハルバード,4,54000,0,2500,165,0,0,0,3,1,0,0,0,0,0,0,130,2,34,3,33,5,0,0,0,0,0,0,0,0,0,0,0,0
1464,Halberd_,ハルバード,4,54000,0,2500,165,0,0,0,3,2,0,0,0,0,0,0,130,2,34,3,33,5,0,0,0,0,0,0,0,0,0,0,0,0
1465,Halberd__,ハルバード,4,54000,0,2500,165,0,0,0,3,0,0,0,0,0,0,0,130,2,34,3,33,5,0,0,0,0,0,0,0,0,0,0,0,0
1466,Crescent_Scythe,クレセントサイダー,4,20,0,2500,150,0,0,0,3,0,0,0,0,0,0,0,130,2,34,4,48,5,0,0,0,0,0,0,0,0,0,0,0,0
1467,Bill_Guisarme,ビルギザルム,4,20,0,1000,180,0,0,0,3,0,0,0,0,0,0,0,130,2,34,4,48,5,0,0,0,0,0,0,0,0,0,0,0,0
1468,Zephyrus,ゼピュロス,4,20,0,1200,170,0,0,0,3,0,0,0,0,0,0,0,130,2,34,4,48,5,4,0,0,0,0,0,0,0,0,0,0,0
1469,Longinus's_Spear,ロンギヌスの槍,4,20,0,2000,180,0,0,0,3,0,0,0,0,0,0,0,130,2,34,4,48,5,7,0,0,0,0,0,0,0,0,0,0,0
1470,Brionac,ブリューナク,4,20,0,1200,190,0,0,0,3,0,0,0,0,0,0,0,130,2,34,4,48,5,6,0,0,0,0,0,0,0,0,0,0,0
1471,Hell_fire,ヘルファイア,4,20,0,2500,195,0,0,0,3,0,0,0,0,0,0,0,130,2,34,4,48,5,3,0,0,0,0,0,0,0,0,0,0,0
1501,Club,クラブ,4,120,0,700,23,0,0,0,1,3,0,0,0,0,0,0,3251,2,2,1,2,8,0,0,0,0,0,0,0,0,0,0,0,0
1502,Club_,クラブ,4,120,0,700,23,0,0,0,1,4,0,0,0,0,0,0,3251,2,2,1,2,8,0,0,0,0,0,0,0,0,0,0,0,0
1503,Club__,クラブ,4,120,0,700,23,0,0,0,1,0,0,0,0,0,0,0,3251,2,2,1,2,8,0,0,0,0,0,0,0,0,0,0,0,0
1504,Mace,メイス,4,1600,0,800,37,0,0,0,1,3,0,0,0,0,0,0,3251,2,2,1,2,8,0,0,0,0,0,0,0,0,0,0,0,0
1505,Mace_,メイス,4,1600,0,800,37,0,0,0,1,4,0,0,0,0,0,0,3251,2,2,1,2,8,0,0,0,0,0,0,0,0,0,0,0,0
1506,Mace__,メイス,4,1600,0,800,37,0,0,0,1,0,0,0,0,0,0,0,3251,2,2,1,2,8,0,0,0,0,0,0,0,0,0,0,0,0
1507,Smasher,スマッシャー,4,9000,0,1000,54,0,0,0,1,2,0,0,0,0,0,0,3251,2,2,2,14,8,0,0,0,0,0,0,0,0,0,0,0,0
1508,Smasher_,スマッシャー,4,9000,0,1000,54,0,0,0,1,3,0,0,0,0,0,0,3251,2,2,2,14,8,0,0,0,0,0,0,0,0,0,0,0,0
1509,Smasher__,スマッシャー,4,9000,0,1000,54,0,0,0,1,3,0,0,0,0,0,0,3251,2,2,2,14,8,0,0,0,0,0,0,0,0,0,0,0,0
1510,Flail,フレイル,4,16000,0,900,69,0,0,0,1,2,0,0,0,0,0,0,3251,2,2,2,14,8,0,0,0,0,0,0,0,0,0,0,0,0
1511,Flail_,フレイル,4,16000,0,900,69,0,0,0,1,3,0,0,0,0,0,0,3251,2,2,2,14,8,0,0,0,0,0,0,0,0,0,0,0,0
1512,Flail__,フレイル,4,16000,0,900,69,0,0,0,1,3,0,0,0,0,0,0,3251,2,2,2,14,8,0,0,0,0,0,0,0,0,0,0,0,0
1513,Morning_Star,モニングスター,4,41000,0,1500,110,0,0,0,1,1,0,0,0,0,0,0,3251,2,2,3,27,8,0,0,0,0,0,0,0,0,0,0,0,0
1514,Morning_Star_,モニングスター,4,41000,0,1500,110,0,0,0,1,2,0,0,0,0,0,0,3251,2,2,3,27,8,0,0,0,0,0,0,0,0,0,0,0,0
1515,Morning_Star__,モニングスター,4,41000,0,1500,110,0,0,0,1,2,0,0,0,0,0,0,3251,2,2,3,27,8,0,0,0,0,0,0,0,0,0,0,0,0
1516,Sword_Mace,ソードメイス,4,50000,0,1200,130,0,0,0,1,0,0,0,0,0,0,0,3251,2,2,3,27,8,0,0,0,0,0,0,0,0,0,0,0,0
1517,Sword_Mace_,ソードメイス,4,50000,0,1200,130,0,0,0,1,1,0,0,0,0,0,0,3251,2,2,3,27,8,0,0,0,0,0,0,0,0,0,0,0,0
1518,Sword_Mace__,ソードメイス,4,50000,0,1200,130,0,0,0,1,1,0,0,0,0,0,0,3251,2,2,3,27,8,0,0,0,0,0,0,0,0,0,0,0,0
1519,Chain,チェイン,4,23000,0,800,84,0,0,0,1,2,0,0,0,0,0,0,3251,2,2,2,14,8,0,0,0,0,0,0,0,0,0,0,0,0
1520,Chain_,チェイン,4,23000,0,800,84,0,0,0,1,3,0,0,0,0,0,0,3251,2,2,2,14,8,0,0,0,0,0,0,0,0,0,0,0,0
1521,Chain__,チェイン,4,23000,0,800,84,0,0,0,1,3,0,0,0,0,0,0,3251,2,2,2,14,8,0,0,0,0,0,0,0,0,0,0,0,0
1522,Stunner,スタナー,4,60000,0,2000,140,0,0,0,1,0,0,0,0,0,0,0,1024,2,2,3,27,8,0,0,0,0,0,0,0,0,0,0,0,0
1523,Spike,スパイク,4,20,0,700,70,0,0,0,1,0,0,0,0,0,0,0,3251,2,2,4,40,8,0,0,0,0,0,0,0,0,0,0,0,0
1524,Golden_Mace,ゴールデンメイス,4,20,0,800,130,0,0,0,1,0,0,0,0,0,0,0,3251,2,2,4,40,8,0,0,0,0,0,0,0,0,0,0,0,0
1525,Long_Mace,ロングメイス,4,20,0,800,135,0,0,0,2,0,0,0,0,0,0,0,3251,2,2,4,40,8,0,0,0,0,0,0,0,0,0,0,0,0
1526,Slash,スラッシュ ,4,20,0,1000,145,0,0,0,1,0,0,0,0,0,0,0,3251,2,2,4,40,8,0,0,0,0,0,0,0,0,0,0,0,0
1527,Quadrille,カドリール,4,20,0,900,165,0,0,0,1,0,0,0,0,0,0,0,3251,2,2,4,40,8,0,0,0,0,0,0,0,0,0,0,0,0
1528,Grand_Cross,グランドクロス,4,20,0,1500,140,0,0,0,1,0,0,0,0,0,0,0,3251,2,2,4,40,8,6,0,0,0,0,0,0,0,0,0,0,0
1550,Book,ブック,4,30000,0,600,100,0,0,0,1,0,0,0,0,0,0,0,1024,2,2,2,14,15,0,0,0,0,0,0,0,0,0,0,0,0
1551,Bible,バイブル,4,60000,0,1000,139,0,0,0,1,0,0,0,0,2,0,0,1024,2,2,3,27,15,0,0,0,0,0,0,0,0,0,0,0,0
1552,Tablet,タブレット,4,51000,0,800,151,0,0,0,1,0,0,0,0,0,0,0,1024,2,2,3,27,15,0,0,0,0,0,0,0,0,0,0,0,0
1553,Nami,荒れ狂う波の書,4,0,0,750,90,0,0,0,1,0,0,0,0,0,0,0,1024,2,2,3,27,15,1,0,0,0,0,0,0,0,0,0,0,0
1554,Daiti,裂けた大地の書,4,0,0,750,90,0,0,0,1,0,0,0,0,0,0,0,1024,2,2,3,27,15,2,0,0,0,0,0,0,0,0,0,0,0
1555,Taiyou,燃える太陽の書,4,0,0,750,90,0,0,0,1,0,0,0,0,0,0,0,1024,2,2,3,27,15,3,0,0,0,0,0,0,0,0,0,0,0
1556,Kaze,乾いてる風の書,4,0,0,750,90,0,0,0,1,0,0,0,0,0,0,0,1024,2,2,3,27,15,4,0,0,0,0,0,0,0,0,0,0,0
1557,Mokushiroku,黙示録,4,0,0,800,90,0,0,0,1,0,0,0,0,0,0,0,1024,2,2,4,40,15,7,0,0,0,0,0,0,0,0,0,0,0
1558,Nikki,少女の日記,4,0,0,300,45,0,0,0,1,0,0,0,0,0,0,0,1024,2,2,4,40,15,0,0,0,0,0,0,0,0,0,0,0,0
1601,Rod,ロッド,4,50,0,400,15,0,0,0,1,3,0,0,0,0,0,0,1301,2,2,1,1,10,0,0,0,0,0,0,0,0,0,0,0,0
1602,Rod_,ロッド,4,50,0,400,15,0,0,0,1,4,0,0,0,0,0,0,1301,2,2,1,1,10,0,0,0,0,0,0,0,0,0,0,0,0
1603,Rod__,ロッド,4,50,0,400,15,0,0,0,1,0,0,0,0,0,0,0,1301,2,2,1,1,10,0,0,0,0,0,0,0,0,0,0,0,0
1604,Wand,ワンド,4,2500,0,400,25,0,0,0,1,2,0,0,0,1,0,0,1301,2,2,2,12,10,0,0,0,0,0,0,0,0,0,0,0,0
1605,Wand_,ワンド,4,2500,0,400,25,0,0,0,1,3,0,0,0,1,0,0,1301,2,2,2,12,10,0,0,0,0,0,0,0,0,0,0,0,0
1606,Wand__,ワンド,4,2500,0,400,25,0,0,0,1,0,0,0,0,1,0,0,1301,2,2,2,12,10,0,0,0,0,0,0,0,0,0,0,0,0
1607,Staff,スタッフ,4,9500,0,400,40,0,0,0,1,2,0,0,0,2,0,0,1301,2,2,2,12,10,0,0,0,0,0,0,0,0,0,0,0,0
1608,Staff_,スタッフ,4,9500,0,400,40,0,0,0,1,3,0,0,0,2,0,0,1301,2,2,2,12,10,0,0,0,0,0,0,0,0,0,0,0,0
1609,Staff__,スタッフ,4,9500,0,400,40,0,0,0,1,0,0,0,0,2,0,0,1301,2,2,2,12,10,0,0,0,0,0,0,0,0,0,0,0,0
1610,Arc_Wand,アークワンド,4,45000,0,400,60,0,0,0,1,1,0,0,0,3,0,0,1301,2,2,3,24,10,0,0,0,0,0,0,0,0,0,0,0,0
1611,Arc_Wand_,アークワンド,4,45000,0,400,60,0,0,0,1,2,0,0,0,3,0,0,1301,2,2,3,24,10,0,0,0,0,0,0,0,0,0,0,0,0
1612,Arc_Wand__,アークワンド,4,45000,0,400,60,0,0,0,1,0,0,0,0,3,0,0,1301,2,2,3,24,10,0,0,0,0,0,0,0,0,0,0,0,0
1613,Mighty_Staff,マイトスタッフ,4,20,0,700,130,0,0,0,1,0,0,0,0,0,0,0,1300,2,2,3,24,10,0,0,0,0,0,0,0,0,0,0,0,0
1614,Blessed_Wand,神官の杖,4,20,0,700,75,0,0,0,1,0,0,0,0,3,0,0,1300,2,2,3,24,10,0,0,0,0,0,0,0,0,0,0,0,0
1615,Bone_Wand,骸骨の杖,4,20,0,700,40,0,0,0,1,0,0,0,0,4,0,0,1300,2,2,3,24,10,9,0,0,0,0,0,0,0,0,0,0,0
1701,Bow,ボウ,4,1000,0,500,15,0,0,0,5,3,0,0,0,0,0,0,584,2,34,1,4,11,0,0,0,0,0,0,0,0,0,0,0,0
1702,Bow_,ボウ,4,1000,0,500,15,0,0,0,5,4,0,0,0,0,0,0,584,2,34,1,4,11,0,0,0,0,0,0,0,0,0,0,0,0
1703,Bow__,ボウ,4,1000,0,500,15,0,0,0,5,0,0,0,0,0,0,0,584,2,34,1,4,11,0,0,0,0,0,0,0,0,0,0,0,0
1704,Composite_Bow,コンポジットボウ,4,2500,0,600,29,0,0,0,5,3,0,0,0,0,0,0,584,2,34,1,4,11,0,0,0,0,0,0,0,0,0,0,0,0
1705,Composite_Bow_,コンポジットボウ,4,2500,0,600,29,0,0,0,5,4,0,0,0,0,0,0,584,2,34,1,4,11,0,0,0,0,0,0,0,0,0,0,0,0
1706,Composite_Bow__,コンポジットボウ,4,2500,0,600,29,0,0,0,5,0,0,0,0,0,0,0,584,2,34,1,4,11,0,0,0,0,0,0,0,0,0,0,0,0
1707,Great_Bow,グレイトボウ,4,10000,0,1000,50,0,0,0,5,2,0,0,0,0,0,0,584,2,34,2,18,11,0,0,0,0,0,0,0,0,0,0,0,0
1708,Great_Bow_,グレイトボウ,4,10000,0,1000,50,0,0,0,5,3,0,0,0,0,0,0,584,2,34,2,18,11,0,0,0,0,0,0,0,0,0,0,0,0
1709,Great_Bow__,グレイトボウ,4,10000,0,1000,50,0,0,0,5,0,0,0,0,0,0,0,584,2,34,2,18,11,0,0,0,0,0,0,0,0,0,0,0,0
1710,CrossBow,クロスボウ,4,17000,0,900,65,0,0,0,5,2,0,0,0,0,0,0,584,2,34,2,18,11,0,0,0,0,0,0,0,0,0,0,0,0
1711,CrossBow_,クロスボウ,4,17000,0,900,65,0,0,0,5,3,0,0,0,0,0,0,584,2,34,2,18,11,0,0,0,0,0,0,0,0,0,0,0,0
1712,CrossBow__,クロスボウ,4,17000,0,900,65,0,0,0,5,0,0,0,0,0,0,0,584,2,34,2,18,11,0,0,0,0,0,0,0,0,0,0,0,0
1713,Arbalest,アーバレスト,4,48000,0,1000,90,0,0,0,5,1,0,0,0,0,2,0,584,2,34,3,33,11,0,0,0,0,0,0,0,0,0,0,0,0
1714,Kakkung,角弓,4,42000,0,1100,100,0,0,0,5,1,0,0,0,0,0,0,584,2,34,3,33,11,0,0,0,0,0,0,0,0,0,0,0,0
1715,Arbalest_,アーバレスト,4,48000,0,1000,90,0,0,0,5,2,0,0,0,0,2,0,584,2,34,3,33,11,0,0,0,0,0,0,0,0,0,0,0,0
1716,Kakkung_,角弓,4,42000,0,1100,100,0,0,0,5,2,0,0,0,0,0,0,584,2,34,3,33,11,0,0,0,0,0,0,0,0,0,0,0,0
1718,Hunter_Bow,ハンターボウ,4,64000,0,1500,125,0,0,0,5,0,0,0,0,0,0,0,512,2,34,3,33,11,0,0,0,0,0,0,0,0,0,0,0,0
1719,Bow_of_Roguemaster,盗賊の弓,4,20,0,500,75,0,0,0,9,0,0,0,0,0,0,0,64,2,34,4,48,11,0,0,0,0,0,0,0,0,0,0,0,0
1720,Bow_of_Rudra,ルドラの弓,4,20,0,1000,130,0,0,0,5,0,0,0,0,0,0,0,584,2,34,4,48,11,6,0,0,0,0,0,0,0,0,0,0,0
1750,Arrow,矢,10,1,0,1,25,0,0,0,0,0,0,0,0,0,0,0,0,0,0,0,1,0,0,0,0,0,0,0,0,0,0,0,0,0
1751,Silver_Arrow,銀の矢,10,3,0,2,30,0,0,0,0,0,0,0,0,0,0,0,0,0,0,0,1,0,6,0,0,0,0,0,0,0,0,0,0,0
1752,Fire_Arrow,炎の矢,10,3,0,2,30,0,0,0,0,0,0,0,0,0,0,0,0,0,0,0,1,0,3,0,0,0,0,0,0,0,0,0,0,0
1753,Koutetu,鋼鉄の矢,10,,0,2,40,0,0,0,0,0,0,0,0,0,0,0,0,0,0,0,1,0,0,0,0,0,0,0,0,0,0,0,0,0
1754,Suisyou,水晶の矢,10,3,0,2,30,0,0,0,0,0,0,0,0,0,0,0,0,0,0,0,1,0,1,0,0,0,0,0,0,0,0,0,0,0
1755,Kaze,風の矢,10,3,0,2,30,0,0,0,0,0,0,0,0,0,0,0,0,0,0,0,1,0,4,0,0,0,0,0,0,0,0,0,0,0
1756,Ganseki,岩石の矢,10,3,0,2,30,0,0,0,0,0,0,0,0,0,0,0,0,0,0,0,1,0,2,0,0,0,0,0,0,0,0,0,0,0
1766,Hamaya,破魔矢,10,500,0,3,50,0,0,0,0,0,0,0,0,0,0,0,0,0,0,0,1,0,0,0,0,0,0,0,0,0,0,0,0,0
1801,Waghnakh,バグナク,4,8000,0,400,30,0,0,0,1,3,0,0,0,0,0,0,1024,2,2,1,1,12,0,0,0,0,0,0,0,0,0,0,0,0
1802,Waghnakh_,バグナク,4,8000,0,400,30,0,0,0,1,4,0,0,0,0,0,0,1024,2,2,1,1,12,0,0,0,0,0,0,0,0,0,0,0,0
1803,Knuckle_Duster,ナックルダスター,4,25000,0,450,50,0,0,0,1,2,0,0,0,0,0,0,1024,2,2,2,12,12,0,0,0,0,0,0,0,0,0,0,0,0
1804,Knuckle_Duster_,ナックルダスター,4,25000,0,450,50,0,0,0,1,3,0,0,0,0,0,0,1024,2,2,2,12,12,0,0,0,0,0,0,0,0,0,0,0,0
1805,Hora,ホラ,4,32000,0,450,65,0,0,0,1,2,0,0,0,0,0,0,1024,2,2,2,12,12,0,0,0,0,0,0,0,0,0,0,0,0
1806,Hora_,ホラ,4,32000,0,450,65,0,0,0,1,3,0,0,0,0,0,0,1024,2,2,2,12,12,0,0,0,0,0,0,0,0,0,0,0,0
1807,Fist,フィスト,4,53000,0,650,115,0,0,0,1,0,0,0,0,0,0,0,1024,2,2,3,24,12,0,0,0,0,0,0,0,0,0,0,0,0
1808,Fist_,フィスト,4,53000,0,650,115,0,0,0,1,1,0,0,0,0,0,0,1024,2,2,3,24,12,0,0,0,0,0,0,0,0,0,0,0,0
1809,Claw,クロー,4,67000,0,500,86,0,0,0,1,1,2,0,0,0,0,0,1024,2,2,3,24,12,0,0,0,0,0,0,0,0,0,0,0,0
1810,Claw_,クロー,4,67000,0,500,86,0,0,0,1,2,2,0,0,0,0,0,1024,2,2,3,24,12,0,0,0,0,0,0,0,0,0,0,0,0
1811,Finger,フィンガー,4,58000,0,500,97,0,0,0,1,1,0,0,0,0,0,0,1024,2,2,3,24,12,0,0,0,0,0,0,0,0,0,0,0,0
1812,Finger_,フィンガー,4,58000,0,500,97,0,0,0,1,2,0,0,0,0,0,0,1024,2,2,3,24,12,0,0,0,0,0,0,0,0,0,0,0,0
1813,Kaiser_Knuckle,カイザー ナックル,4,20,0,450,100,0,0,0,1,0,0,0,0,0,0,0,1024,2,2,4,36,12,4,0,0,0,0,0,0,0,0,0,0,0
1814,Berserk,ベルセルク,4,20,0,500,100,0,0,0,1,0,0,0,0,0,0,0,1024,2,2,4,36,12,0,0,0,0,0,0,0,0,0,0,0,0
1901,Violin,バイオリン,4,4000,0,700,50,0,0,0,1,3,0,0,0,0,0,0,512,2,2,1,2,13,0,0,0,0,0,0,0,0,0,0,0,0
1902,Violin_,バイオリン,4,4000,0,700,50,0,0,0,1,4,0,0,0,0,0,0,512,2,2,1,2,13,0,0,0,0,0,0,0,0,0,0,0,0
1903,Mandolin,マンドリン,4,18000,0,400,90,0,0,0,1,2,0,0,0,0,0,0,512,2,2,2,14,13,0,0,0,0,0,0,0,0,0,0,0,0
1904,Mandolin_,マンドリン,4,18000,0,400,90,0,0,0,1,3,0,0,0,0,0,0,512,2,2,2,14,13,0,0,0,0,0,0,0,0,0,0,0,0
1905,Lute,リュート,4,24500,0,500,105,0,0,0,1,2,0,0,0,0,0,0,512,2,2,2,14,13,0,0,0,0,0,0,0,0,0,0,0,0
1906,Lute_,リュート,4,24500,0,500,105,0,0,0,1,3,0,0,0,0,0,0,512,2,2,2,14,13,0,0,0,0,0,0,0,0,0,0,0,0
1907,Guitar,ギター,4,47000,0,900,142,0,0,0,1,0,0,0,0,0,0,0,512,2,2,3,27,13,0,0,0,0,0,0,0,0,0,0,0,0
1908,Guitar_,ギター,4,47000,0,900,142,0,0,0,1,1,0,0,0,0,0,0,512,2,2,3,27,13,0,0,0,0,0,0,0,0,0,0,0,0
1909,Harp,ハープ,4,62000,0,900,114,0,0,0,1,1,0,0,0,2,0,0,512,2,2,3,27,13,0,0,0,0,0,0,0,0,0,0,0,0
1910,Harp_,ハープ,4,62000,0,900,114,0,0,0,1,2,0,0,0,2,0,0,512,2,2,3,27,13,0,0,0,0,0,0,0,0,0,0,0,0
1911,Guh_Moon_Goh,ゴムンゴ,4,54000,0,1300,126,0,0,0,1,1,0,0,0,0,0,0,512,2,2,3,27,13,0,0,0,0,0,0,0,0,0,0,0,0
1912,Guh_Moon_Goh_,ゴムンゴ,4,54000,0,1300,126,0,0,0,1,2,0,0,0,0,0,0,512,2,2,3,27,13,0,0,0,0,0,0,0,0,0,0,0,0
1950,Rope,ロープ,4,2500,0,400,45,0,0,0,2,3,0,0,0,0,0,0,512,2,2,1,3,14,0,0,0,0,0,0,0,0,0,0,0,0
1951,Rope_,ロープ,4,2500,0,400,45,0,0,0,2,4,0,0,0,0,0,0,512,2,2,1,3,14,0,0,0,0,0,0,0,0,0,0,0,0
1952,Line,ライン,4,12000,0,300,80,0,0,0,2,2,0,0,0,0,0,0,512,2,2,2,16,14,0,0,0,0,0,0,0,0,0,0,0,0
1953,Line_,ライン,4,12000,0,300,80,0,0,0,2,3,0,0,0,0,0,0,512,2,2,2,16,14,0,0,0,0,0,0,0,0,0,0,0,0
1954,Wire,ワイヤー,4,17500,0,1000,95,0,0,0,2,2,0,0,0,0,0,0,512,2,2,2,16,14,0,0,0,0,0,0,0,0,0,0,0,0
1955,Wire_,ワイヤー,4,17500,0,1000,95,0,0,0,2,3,0,0,0,0,0,0,512,2,2,2,16,14,0,0,0,0,0,0,0,0,0,0,0,0
1956,Rante,ランテ,4,32000,0,900,135,0,0,0,2,0,0,0,0,0,0,0,512,2,2,3,30,14,0,0,0,0,0,0,0,0,0,0,0,0
1957,Rante_,ランテ,4,32000,0,900,135,0,0,0,2,1,0,0,0,0,0,0,512,2,2,3,30,14,0,0,0,0,0,0,0,0,0,0,0,0
1958,Tail,テイル,4,41000,0,700,105,0,0,0,2,1,0,0,0,0,0,3,512,2,2,3,30,14,0,0,0,0,0,0,0,0,0,0,0,0
1959,Tail_,テイル,4,41000,0,700,105,0,0,0,2,2,0,0,0,0,0,3,512,2,2,3,30,14,0,0,0,0,0,0,0,0,0,0,0,0
1960,Whip,ホイップ,4,38000,0,700,120,0,0,0,2,1,0,0,0,0,0,0,512,2,2,3,30,14,0,0,0,0,0,0,0,0,0,0,0,0
1961,Whip_,ホイップ,4,38000,0,700,120,0,0,0,2,2,0,0,0,0,0,0,512,2,2,3,30,14,0,0,0,0,0,0,0,0,0,0,0,0
1962,Lariat,ラリエット,4,20,0,400,100,0,0,0,2,0,0,0,0,0,0,0,512,2,2,4,44,14,0,0,0,0,0,0,0,0,0,0,0,0
1963,Rapture_Rose,ラプチャーローズ,4,20,0,300,115,0,0,0,2,0,0,0,0,0,0,0,512,2,2,4,44,14,5,0,0,0,0,0,0,0,0,0,0,0
1964,Chemeti,シュメティ,4,20,0,700,150,0,0,0,2,0,0,0,0,0,0,0,512,2,2,4,44,14,0,0,0,0,0,0,0,0,0,0,0,0
2101,Guard,ガード,5,500,0,300,0,0,2,0,0,0,0,0,0,0,0,0,8191,2,32,0,0,1,0,0,0,0,0,0,0,0,0,0,0,0
2102,Guard_,ガード,5,500,0,300,0,0,2,0,0,1,0,0,0,0,0,0,8191,2,32,0,0,1,0,0,0,0,0,0,0,0,0,0,0,0
2103,Buckler,バックラー,5,14000,0,600,0,0,4,0,0,0,0,0,0,0,0,0,7410,2,32,0,0,2,0,0,0,0,0,0,0,0,0,0,0,0
2104,Buckler_,バックラー,5,14000,0,600,0,0,4,0,0,1,0,0,0,0,0,0,7410,2,32,0,0,2,0,0,0,0,0,0,0,0,0,0,0,0
2105,Shield,シールド,5,56000,0,1300,0,0,6,0,0,0,0,0,0,0,0,0,130,2,32,0,0,3,0,0,0,0,0,0,0,0,0,0,0,0
2106,Shield_,シールド,5,56000,0,1300,0,0,6,0,0,1,0,0,0,0,0,0,130,2,32,0,0,3,0,0,0,0,0,0,0,0,0,0,0,0
2107,Mirror_Shield,ミラーシールド,5,60000,0,1000,0,0,4,5,0,0,0,0,0,0,0,0,130,2,32,0,0,4,0,0,0,0,0,0,0,0,0,0,0,0
2108,Mirror_Shield_,ミラーシールド,5,60000,0,1000,0,0,4,5,0,1,0,0,0,0,0,0,130,2,32,0,0,4,0,0,0,0,0,0,0,0,0,0,0,0
2201,Sunglasses,サングラス,5,5000,0,100,0,0,0,0,0,0,0,0,0,0,0,0,8191,2,512,0,0,12,0,0,0,0,0,0,0,0,0,0,0,0
2202,Sunglasses_,サングラス,5,5000,0,100,0,0,0,0,0,1,0,0,0,0,0,0,8191,2,512,0,0,12,0,0,0,0,0,0,0,0,0,0,0,0
2203,Glasses,グラス,5,4000,0,100,0,0,0,0,0,0,0,0,0,0,0,0,8191,2,512,0,0,3,0,0,0,0,0,0,0,0,0,0,0,0
2204,Glasses_,グラス,5,4000,0,100,0,0,0,0,0,1,0,0,0,0,0,0,8191,2,512,0,0,3,0,0,0,0,0,0,0,0,0,0,0,0
2205,Diver's_Goggles,ダイバーゴーグル,5,3500,0,100,0,0,0,0,0,0,0,0,0,0,0,0,8191,2,512,0,0,10,0,0,0,0,0,0,0,0,0,0,0,0
2206,Wedding_Veil,面紗布,5,23000,0,100,0,0,0,5,0,0,0,0,0,0,0,0,8191,0,256,0,0,44,0,0,0,0,0,0,0,0,0,0,0,0
2207,Fancy_Flower,装飾用花,5,20,0,100,0,0,0,0,0,0,0,0,0,0,0,0,8191,2,256,0,0,4,0,0,0,0,0,0,0,0,0,0,0,0
2208,Ribbon,リボン,5,800,0,100,0,0,1,3,0,0,0,0,0,0,0,0,8191,0,256,0,0,17,0,0,0,0,0,0,0,0,0,0,0,0
2209,Ribbon_,リボン,5,800,0,100,0,0,1,3,0,1,0,0,0,0,0,0,8191,0,256,0,0,17,0,0,0,0,0,0,0,0,0,0,0,0
2210,Hair_Band,ハチマキ,5,500,0,100,0,0,1,0,0,0,0,0,0,0,0,0,8191,2,256,0,0,9,0,0,0,0,0,0,0,0,0,0,0,0
2211,Bandana,頭巾,5,400,0,100,0,0,1,0,0,0,0,0,0,0,0,0,8191,2,256,0,0,6,0,0,0,0,0,0,0,0,0,0,0,0
2212,Eye_Bandage,眼帯,5,1000,0,100,0,0,0,0,0,0,0,0,0,0,0,0,8191,2,512,0,0,13,0,0,0,0,0,0,0,0,0,0,0,0
2213,Cat_Hairband,猫耳のヘアバンド,5,20,0,100,0,0,2,0,0,0,0,0,0,0,0,0,8191,2,256,0,0,2,0,0,0,0,0,0,0,0,0,0,0,0
2214,Bunny_Band,ウサギのヘアバンド,5,20,0,100,0,0,2,0,0,0,0,0,0,0,0,2,8191,2,256,0,0,15,0,0,0,0,0,0,0,0,0,0,0,0
2215,Flower_Hairband,花のヘアバンド,5,20,0,100,0,0,2,0,0,0,0,0,0,0,0,0,8191,2,256,0,0,5,0,0,0,0,0,0,0,0,0,0,0,0
2216,Biretta,ビレタ,5,9000,0,100,0,0,4,0,0,0,0,0,0,0,0,0,1040,2,256,0,0,11,0,0,0,0,0,0,0,0,0,0,0,0
2217,Biretta_,ビレタ,5,9000,0,100,0,0,4,0,0,1,0,0,0,0,0,0,1040,2,256,0,0,11,0,0,0,0,0,0,0,0,0,0,0,0
2218,Flu_Mask,マスク,5,300,0,100,0,0,0,0,0,0,0,0,0,0,0,0,8191,2,1,0,0,8,0,0,0,0,0,0,0,0,0,0,0,0
2219,Flu_Mask_,マスク,5,300,0,100,0,0,0,0,0,0,0,0,0,0,0,0,8191,2,1,0,0,8,0,0,0,0,0,0,0,0,0,0,0,0
2220,Hat,ハット,5,1000,0,200,0,0,2,0,0,0,0,0,0,0,0,0,8191,2,256,0,0,16,0,0,0,0,0,0,0,0,0,0,0,0
2221,Hat_,ハット,5,1000,0,200,0,0,2,0,0,1,0,0,0,0,0,0,8191,2,256,0,0,16,0,0,0,0,0,0,0,0,0,0,0,0
2222,Turban,丸いぼうし,5,4500,0,300,0,0,3,0,0,0,0,0,0,0,0,0,8191,2,256,0,0,7,0,0,0,0,0,0,0,0,0,0,0,0
2223,Turban_,丸いぼうし,5,4500,0,300,0,0,3,0,0,1,0,0,0,0,0,0,8191,2,256,0,0,7,0,0,0,0,0,0,0,0,0,0,0,0
2224,Goggle,ゴーグル,5,10000,0,300,0,0,5,0,0,0,0,0,0,0,0,0,6370,2,768,0,0,1,0,0,0,0,0,0,0,0,0,0,0,0
2225,Goggle_,ゴーグル,5,10000,0,300,0,0,5,0,0,1,0,0,0,0,0,0,6370,2,768,0,0,1,0,0,0,0,0,0,0,0,0,0,0,0
2226,Cap,キャップ,5,12000,0,400,0,0,4,0,0,0,0,0,0,0,0,0,6890,2,256,0,0,14,0,0,0,0,0,0,0,0,0,0,0,0
2227,Cap_,キャップ,5,12000,0,400,0,0,4,0,0,1,0,0,0,0,0,0,6890,2,256,0,0,14,0,0,0,0,0,0,0,0,0,0,0,0
2228,Helm,ヘルム,5,44000,0,600,0,0,6,0,0,0,0,0,0,0,0,0,130,2,256,0,0,40,0,0,0,0,0,0,0,0,0,0,0,0
2229,Helm_,ヘルム,5,44000,0,600,0,0,6,0,0,1,0,0,0,0,0,0,130,2,256,0,0,40,0,0,0,0,0,0,0,0,0,0,0,0
2230,Gemmed_Sallet,ジュエルヘルム,5,50000,0,500,0,0,4,3,0,0,0,0,0,0,0,0,6370,2,256,0,0,0,0,0,0,0,0,0,0,0,0,0,0,0
2231,Gemmed_Sallet_,ジュエルヘルム,5,50000,0,500,0,0,4,3,0,1,0,0,0,0,0,0,6370,2,256,0,0,0,0,0,0,0,0,0,0,0,0,0,0,0
2232,Circlet,サークレット,5,7500,0,300,0,0,3,3,0,0,0,0,0,0,0,0,1300,2,256,0,0,18,0,0,0,0,0,0,0,0,0,0,0,0
2233,Circlet_,サークレット,5,7500,0,300,0,0,3,3,0,1,0,0,0,0,0,0,1300,2,256,0,0,18,0,0,0,0,0,0,0,0,0,0,0,0
2234,Tiara,ティアラ,5,20,0,400,0,0,4,0,0,0,0,0,0,2,0,0,8190,0,256,0,45,19,0,0,0,0,0,0,0,0,0,0,0,0
2235,Crown,クラウン,5,20,0,400,0,0,4,0,0,0,0,0,0,2,0,0,8190,1,256,0,45,45,0,0,0,0,0,0,0,0,0,0,0,0
2236,Santa's_Hat,サンタのぼうし,5,20,0,100,0,0,1,1,0,0,0,0,0,0,0,1,8191,2,256,0,0,20,0,0,0,0,0,0,0,0,0,0,0,0
2237,Weird_Goatee,顎ひげ,5,2,0,100,0,0,0,0,0,0,0,0,0,0,0,0,8191,2,0,0,0,21,0,0,0,0,0,0,0,0,0,0,0,0
2238,Weird_Moustache,口ひげ,5,2,0,100,0,0,0,0,0,0,0,0,0,0,0,0,8191,2,0,0,0,22,0,0,0,0,0,0,0,0,0,0,0,0
2239,One_Eyed_Glass,片目眼鏡,5,10000,0,100,0,0,0,0,0,0,0,0,0,0,0,0,8191,2,512,0,0,23,0,0,0,0,0,0,0,0,0,0,0,0
2240,Beard,ひげ,5,2,0,100,0,0,0,0,0,0,0,0,0,0,0,0,8191,2,0,0,0,24,0,0,0,0,0,0,0,0,0,0,0,0
2241,Granpa_Beard,白ひげ,5,20,0,100,0,0,0,0,0,0,0,0,0,0,0,0,8191,2,1,0,0,25,0,0,0,0,0,0,0,0,0,0,0,0
2242,Luxury_Sunglasses,高級サングラス,5,24000,0,100,0,0,1,0,0,0,0,0,0,0,0,0,8191,2,512,0,0,26,0,0,0,0,0,0,0,0,0,0,0,0
2243,Spinning_Eyes,スピングラス,5,20000,0,100,0,0,1,0,0,0,0,0,0,0,0,0,8191,2,512,0,0,27,0,0,0,0,0,0,0,0,0,0,0,0
2244,Big_Sis'_Ribbon,大きなリボン,5,15000,0,200,0,0,2,3,0,0,0,0,0,0,0,0,8191,2,256,0,0,28,0,0,0,0,0,0,0,0,0,0,0,0
2245,Sweet_Gents,スイートジェントル,5,15000,0,400,0,0,3,0,0,0,0,0,0,0,0,0,8191,2,256,0,0,29,0,0,0,0,0,0,0,0,0,0,0,0
2246,Golden_Gear,ゴールデンヘッドギア,5,20,0,900,0,0,5,0,0,0,0,0,0,0,0,0,8190,2,256,0,40,30,0,0,0,0,0,0,0,0,0,0,0,0
2247,Oldman's_Romance,オールドスターローマンス,5,15000,0,400,0,0,3,0,0,0,0,0,0,0,0,0,8191,2,256,0,0,31,0,0,0,0,0,0,0,0,0,0,0,0
2248,Western_Grace,ウェスタングレイス,5,15000,0,400,0,0,3,0,0,0,0,0,0,0,0,0,8191,2,256,0,0,32,0,0,0,0,0,0,0,0,0,0,0,0
2249,Coronet,コロネット,5,20,0,300,0,0,3,0,0,0,0,0,0,1,0,0,8190,2,256,0,0,33,0,0,0,0,0,0,0,0,0,0,0,0
2250,Fillet,ヘアバンド,5,500,0,100,0,0,1,0,0,0,0,0,0,0,0,0,8191,2,256,0,0,34,0,0,0,0,0,0,0,0,0,0,0,0
2251,Holy_Bonnet,聖職者の帽子,5,30000,0,100,0,0,5,3,0,0,0,0,0,0,0,0,1040,2,256,0,0,35,0,0,0,0,0,0,0,0,0,0,0,0
2252,Star_Sparkling,ウィザードハット,5,20,0,300,0,0,4,0,0,0,0,0,0,0,0,0,260,2,256,0,0,36,0,0,0,0,0,0,0,0,0,0,0,0
2253,Sunflower,装飾用ひまわり,5,20,0,100,0,0,1,0,0,0,0,0,0,0,0,0,8191,2,256,0,0,37,0,0,0,0,0,0,0,0,0,0,0,0
2254,Angelic_Chain,天使のヘアバンド,5,20,0,100,0,0,2,3,0,0,0,1,0,0,0,1,8191,2,256,0,0,38,0,0,0,0,0,0,0,0,0,0,0,0
2255,Satanic_Chain,悪魔のヘアバンド,5,20,0,100,0,0,3,2,0,0,1,0,0,0,0,0,8191,2,256,0,0,39,0,0,0,0,0,0,0,0,0,0,0,0
2256,Magestic_Goat,マジェスティックゴート,5,20,0,800,0,0,5,0,0,0,1,0,0,0,0,0,2210,2,256,0,0,41,0,0,0,0,0,0,0,0,0,0,0,0
2257,Snowy_Horn,真っ白いツノ,5,20,0,100,0,0,2,0,0,0,0,0,0,0,0,0,8191,2,256,0,0,42,0,0,0,0,0,0,0,0,0,0,0,0
2258,Sharp_Gear,シャープヘッドギア,5,20,0,1000,0,0,6,0,0,0,0,0,0,0,0,0,8190,2,256,0,50,43,0,0,0,0,0,0,0,0,0,0,0,0
2259,Mini_Propeller,プロペラ,5,20,0,100,0,0,1,0,0,0,0,0,0,0,0,0,8191,2,256,0,0,46,0,0,0,0,0,0,0,0,0,0,0,0
2260,Mini_Glasses,ミニ_グラス,5,28000,0,100,0,0,1,0,0,0,0,0,0,0,0,0,8191,2,512,0,0,47,0,0,0,0,0,0,0,0,0,0,0,0
2261,Prontera_Army_Cap,プロンテラ_軍帽,5,20,0,400,0,0,4,0,0,0,0,0,0,0,0,0,6890,2,256,0,0,48,0,0,0,0,0,0,0,0,0,0,0,0
2262,Pierrot_Nose,ピエロの鼻,5,20,0,100,0,0,0,0,0,0,0,0,0,0,0,0,8191,2,1,0,0,49,0,0,0,0,0,0,0,0,0,0,0,0
2263,Gangster_Patch,義賊の眼帯,5,20,0,100,0,0,0,0,0,0,0,0,0,0,0,0,8191,2,512,0,0,50,0,0,0,0,0,0,0,0,0,0,0,0
2264,Munak_Turban,ムナク帽,5,20,0,300,0,0,5,0,0,0,0,0,0,0,0,0,8190,2,769,0,0,51,0,0,0,0,0,0,0,0,0,0,0,0
2265,Ganster_Mask,示威用のマスク,5,20,0,100,0,0,0,0,0,0,0,0,0,0,0,0,8191,2,1,0,0,52,0,0,0,0,0,0,0,0,0,0,0,0
2266,Iron_Cane,アイアンケイン,5,20,0,300,0,0,1,0,0,0,0,0,0,0,0,0,130,2,1,0,50,53,0,0,0,0,0,0,0,0,0,0,0,0
2267,Cigar,タバコ,5,20,0,100,0,0,0,0,0,0,0,0,0,0,0,0,8190,2,1,0,0,54,0,0,0,0,0,0,0,0,0,0,0,0
2268,Smoking_Pipe,パイプタバコ,5,20,0,100,0,0,0,0,0,0,0,0,0,0,0,0,8191,2,1,0,0,55,0,0,0,0,0,0,0,0,0,0,0,0
2269,Centimental_Flower,花びら,5,20,0,100,0,0,0,0,0,0,0,0,0,0,0,0,8191,2,1,0,0,56,0,0,0,0,0,0,0,0,0,0,0,0
2270,Centimental_Leaf,草の葉,5,20,0,100,0,0,0,0,0,0,0,0,0,0,0,0,8191,2,1,0,0,57,0,0,0,0,0,0,0,0,0,0,0,0
2271,Jack_a_Dandy,頭眼鏡,5,45000,0,100,0,0,1,0,0,0,0,0,0,0,0,0,8191,2,256,0,0,58,0,0,0,0,0,0,0,0,0,0,0,0
2272,Stop_Post,停止表示板,5,20,0,400,0,0,1,0,0,0,0,0,0,0,0,0,8191,2,256,0,0,59,0,0,0,0,0,0,0,0,0,0,0,0
2273,Doctor_Cap,医者のヘアバンド,5,20,0,100,0,0,1,0,0,0,0,0,0,0,0,0,8191,2,256,0,0,60,0,0,0,0,0,0,0,0,0,0,0,0
2274,Ghost_Bandana,亡者のヘアバンド,5,20,0,100,0,0,0,0,0,0,0,2,0,0,0,0,8191,2,256,0,0,61,0,0,0,0,0,0,0,0,0,0,0,0
2275,Red_Bandana,バンダナ,5,20,0,100,0,0,2,0,0,0,0,0,0,0,0,0,8191,2,256,0,0,62,0,0,0,0,0,0,0,0,0,0,0,0
2276,Eagle_Eyes,睨む目,5,20,0,100,0,0,1,0,0,0,0,0,0,0,0,0,8191,2,512,0,0,63,0,0,0,0,0,0,0,0,0,0,0,0
2277,Nurse_Cap,看護帽,5,20,0,100,0,0,1,0,0,0,0,0,0,0,0,1,1040,2,256,0,0,64,0,0,0,0,0,0,0,0,0,0,0,0
2278,Mr_Smile,スマイル,5,8000,0,100,0,0,1,0,0,0,0,0,0,0,0,0,8191,2,513,0,0,65,0,0,0,0,0,0,0,0,0,0,0,0
2279,Bomb_Wick,導火線,5,20,0,100,0,0,1,0,0,0,0,0,0,0,0,0,8191,2,256,0,0,66,0,0,0,0,0,0,0,0,0,0,0,0
2280,Sahkkat,笠,5,20,0,300,0,0,3,0,0,0,0,1,0,0,0,0,8191,2,256,0,0,67,0,0,0,0,0,0,0,0,0,0,0,0
2281,Phantom_of_Opera,オペラ仮面,5,20,0,200,0,0,2,0,0,0,0,0,0,0,0,0,8191,2,513,0,0,68,0,0,0,0,0,0,0,0,0,0,0,0
2282,Spirit_Chain,魂のリング,5,20,0,100,0,0,0,0,0,0,0,0,0,0,0,0,8191,2,256,0,0,69,0,0,0,0,0,0,0,0,0,0,0,0
2283,Ear_Mufs,耳当て,5,20,0,200,0,0,3,0,0,0,0,0,0,0,0,0,8191,2,256,0,0,70,0,0,0,0,0,0,0,0,0,0,0,0
2284,Antler,鹿の角,5,20,0,500,0,0,4,0,0,0,0,0,0,0,0,0,8191,2,256,0,0,71,0,0,0,0,0,0,0,0,0,0,0,0
2285,Apple_Of_Archer,名射手のりんご,5,20,0,200,0,0,0,0,0,0,0,0,0,0,3,0,8191,2,256,0,30,72,0,0,0,0,0,0,0,0,0,0,0,0
2286,Elven_Ears,妖精の耳,5,20,0,100,0,0,0,0,0,0,0,0,0,0,0,0,8191,2,512,0,70,73,0,0,0,0,0,0,0,0,0,0,0,0
2287,Pirate_Bandana,海賊の頭巾,5,20,0,100,0,0,1,0,0,0,1,0,0,0,0,0,8191,2,256,0,0,74,0,0,0,0,0,0,0,0,0,0,0,0
2288,Mr_Scream,スクラチマスク,5,20,0,100,0,0,1,0,0,0,0,0,0,0,0,0,8191,2,513,0,0,75,0,0,0,0,0,0,0,0,0,0,0,0
2289,Poo_Poo_Hat,あれ,5,20,0,700,0,0,0,0,0,0,0,0,0,0,0,0,8191,2,256,0,0,76,0,0,0,0,0,0,0,0,0,0,0,0
2290,Funeral_Costume,葬式用の帽子,5,3000,0,100,0,0,1,0,0,0,0,0,0,0,0,0,8191,2,256,0,0,77,0,0,0,0,0,0,0,0,0,0,0,0
2291,Masquerade,蝶の仮面,5,20,0,100,0,0,0,0,0,0,0,0,0,0,0,0,8191,2,512,0,0,78,0,0,0,0,0,0,0,0,0,0,0,0
2292,Welding_Mask,溶接マスク,5,20,0,300,0,0,2,0,0,0,0,0,0,0,0,0,2080,2,513,0,50,79,0,0,0,0,0,0,0,0,0,0,0,0
2293,Pretend_Murdered,演劇の小道具,5,20,0,100,0,0,1,0,0,0,0,0,0,0,0,0,8191,2,256,0,0,80,0,0,0,0,0,0,0,0,0,0,0,0
2294,Star_Dust,スターダスト,5,20,0,100,0,0,1,0,0,0,0,0,0,0,0,0,8191,2,256,0,0,81,0,0,0,0,0,0,0,0,0,0,0,0
2295,Blinker,目隠し,5,1500,0,100,0,0,0,0,0,0,0,0,0,0,0,0,8191,2,512,0,0,82,0,0,0,0,0,0,0,0,0,0,0,0
2296,Binoculars,望遠鏡,5,20,0,100,0,0,1,0,0,0,0,0,0,0,1,0,520,2,512,0,50,83,0,0,0,0,0,0,0,0,0,0,0,0
2297,Goblini_Mask,ゴブリン族の仮面,5,20,0,100,0,0,1,0,0,0,0,0,0,0,0,0,8191,2,513,0,0,84,0,0,0,0,0,0,0,0,0,0,0,0
2298,Green_Feeler,緑の觸角,5,20,0,100,0,0,2,0,0,0,0,0,0,0,0,0,8191,2,256,0,0,85,0,0,0,0,0,0,0,0,0,0,0,0
2299,Viking_Helm,オーク族のヘルム,5,20,0,500,0,0,5,0,0,0,0,0,0,0,0,0,6370,2,256,0,0,86,0,0,0,0,0,0,0,0,0,0,0,0
2301,Cotton_Shirt,コットンシャツ,5,10,0,100,0,0,1,0,0,0,0,0,0,0,0,0,8191,2,16,0,0,0,0,0,0,0,0,0,0,0,0,0,0,0
2302,Cotton_Shirt_,コットンシャツ,5,10,0,100,0,0,1,0,0,1,0,0,0,0,0,0,8191,2,16,0,0,0,0,0,0,0,0,0,0,0,0,0,0,0
2303,Leather_Jacket,レザージャケット,5,200,0,200,0,0,2,0,0,0,0,0,0,0,0,0,8191,2,16,0,0,0,0,0,0,0,0,0,0,0,0,0,0,0
2304,Leather_Jacket_,ザージャケット,5,200,0,200,0,0,2,0,0,1,0,0,0,0,0,0,8191,2,16,0,0,0,0,0,0,0,0,0,0,0,0,0,0,0
2305,Adventure_Suit,アドベンチャースーツ,5,1000,0,300,0,0,3,0,0,0,0,0,0,0,0,0,8191,2,16,0,0,0,0,0,0,0,0,0,0,0,0,0,0,0
2306,Adventurere's_Suit_,アドベンチャースーツ,5,1000,0,300,0,0,3,0,0,1,0,0,0,0,0,0,8191,2,16,0,0,0,0,0,0,0,0,0,0,0,0,0,0,0
2307,Mantle,メントル,5,10000,0,600,0,0,4,0,0,0,0,0,0,0,0,0,6890,2,16,0,0,0,0,0,0,0,0,0,0,0,0,0,0,0
2308,Mantle_,メントル,5,10000,0,600,0,0,4,0,0,1,0,0,0,0,0,0,6890,2,16,0,0,0,0,0,0,0,0,0,0,0,0,0,0,0
2309,Coat,ロングコート,5,22000,0,1200,0,0,5,0,0,0,0,0,0,0,0,0,6890,2,16,0,0,0,0,0,0,0,0,0,0,0,0,0,0,0
2310,Coat_,ロングコート,5,22000,0,1200,0,0,5,0,0,1,0,0,0,0,0,0,6890,2,16,0,0,0,0,0,0,0,0,0,0,0,0,0,0,0
2311,Mink_Coat,ミンクのコート,5,500000,0,2300,0,0,6,0,0,1,0,0,0,0,0,0,8190,2,16,0,30,0,0,0,0,0,0,0,0,0,0,0,0,0
2312,Padded_Armor,アーマー,5,48000,0,2800,0,0,7,0,0,0,0,0,0,0,0,0,6370,2,16,0,0,0,0,0,0,0,0,0,0,0,0,0,0,0
2313,Padded_Armor_,アーマー,5,48000,0,2800,0,0,7,0,0,1,0,0,0,0,0,0,6370,2,16,0,0,0,0,0,0,0,0,0,0,0,0,0,0,0
2314,Chain_Mail,メイル,5,65000,0,3300,0,0,8,0,0,0,0,0,0,0,0,0,6370,2,16,0,0,0,0,0,0,0,0,0,0,0,0,0,0,0
2315,Chain_Mail_,メイル,5,65000,0,3300,0,0,8,0,0,1,0,0,0,0,0,0,6370,2,16,0,0,0,0,0,0,0,0,0,0,0,0,0,0,0
2316,Plate_Armor,プレート,5,80000,0,4500,0,0,10,0,0,0,0,0,0,0,0,0,130,2,16,0,40,0,0,0,0,0,0,0,0,0,0,0,0,0
2317,Plate_Armor_,プレート,5,80000,0,4500,0,0,10,0,0,1,0,0,0,0,0,0,130,2,16,0,40,0,0,0,0,0,0,0,0,0,0,0,0,0
2318,Clothes_of_the_Lord,ロッドクルロース,5,20,0,2500,0,0,8,5,0,1,0,0,0,1,0,0,2080,2,16,0,70,0,0,0,0,0,0,0,0,0,0,0,0,0
2319,Glittering_Clothes,グリッタリングクルロース,5,20,0,2500,0,0,7,0,0,1,0,0,0,0,0,0,2080,2,16,0,60,0,0,0,0,0,0,0,0,0,0,0,0,0
2320,Formal_Suit,フォマルドレス,5,20,0,300,0,0,5,0,0,1,0,0,0,0,0,0,8190,2,16,0,0,0,0,0,0,0,0,0,0,0,0,0,0,0
2321,Silk_Robe,シルクローブ,5,8000,0,400,0,0,3,10,0,0,0,0,0,0,0,0,8190,2,16,0,0,0,0,0,0,0,0,0,0,0,0,0,0,0
2322,Silk_Robe_,シルクローブ,5,8000,0,400,0,0,3,10,0,1,0,0,0,0,0,0,8190,2,16,0,0,0,0,0,0,0,0,0,0,0,0,0,0,0
2323,Scapulare,スケーピューラ,5,6500,0,400,0,0,4,0,0,0,0,0,0,0,0,0,1040,2,16,0,0,0,0,0,0,0,0,0,0,0,0,0,0,0
2324,Scapulare_,スケーピューラ,5,6500,0,400,0,0,4,0,0,1,0,0,0,0,0,0,1040,2,16,0,0,0,0,0,0,0,0,0,0,0,0,0,0,0
2325,Saint_Robe,セイントローブ,5,54000,0,600,0,0,6,5,0,0,0,0,0,0,0,0,3250,2,16,0,0,0,0,0,0,0,0,0,0,0,0,0,0,0
2326,Saint_Robe_,セイントローブ,5,54000,0,600,0,0,6,5,0,1,0,0,0,0,0,0,3250,2,16,0,0,0,0,0,0,0,0,0,0,0,0,0,0,0
2327,Holy_Robe,ホーリローブ,5,20,0,1700,0,0,7,5,0,0,0,0,0,0,0,0,1040,2,16,0,60,0,0,0,0,0,0,0,0,0,0,0,0,0
2328,Wooden_Mail,ウードンメイル,5,5500,0,1000,0,0,4,0,0,0,0,0,0,0,0,0,2210,2,16,0,0,0,0,0,0,0,0,0,0,0,0,0,0,0
2329,Wooden_Mail_,ウードンメイル,5,5500,0,1000,0,0,4,0,0,1,0,0,0,0,0,0,2210,2,16,0,0,0,0,0,0,0,0,0,0,0,0,0,0,0
2330,Tights,タイツ,5,71000,0,500,0,0,6,0,0,0,0,0,0,0,1,0,520,2,16,0,45,0,0,0,0,0,0,0,0,0,0,0,0,0
2331,Tights_,タイツ,5,71000,0,500,0,0,6,0,0,1,0,0,0,0,1,0,520,2,16,0,45,0,0,0,0,0,0,0,0,0,0,0,0,0
2332,Silver_Robe,シルバーローブ,5,7000,0,700,0,0,4,0,0,0,0,0,0,0,0,0,260,2,16,0,0,0,0,0,0,0,0,0,0,0,0,0,0,0
2333,Silver_Robe_,シルバーローブ,5,7000,0,700,0,0,4,0,0,1,0,0,0,0,0,0,260,2,16,0,0,0,0,0,0,0,0,0,0,0,0,0,0,0
2334,Mage_Coat,マジックコート,5,20,0,600,0,0,5,0,0,0,0,0,0,1,0,0,260,2,16,0,50,0,0,0,0,0,0,0,0,0,0,0,0,0
2335,Thief_Clothes,シーフクロース,5,74000,0,100,0,0,6,0,0,0,0,1,0,0,0,0,4160,2,16,0,0,0,0,0,0,0,0,0,0,0,0,0,0,0
2336,Thief_Clothes_,シーフクロース,5,74000,0,100,0,0,6,0,0,1,0,1,0,0,0,0,4160,2,16,0,0,0,0,0,0,0,0,0,0,0,0,0,0,0
2337,Ninja_Suit,忍者ス－ツ,5,20,0,1500,0,0,7,0,0,0,0,1,0,0,0,0,4160,2,16,0,50,0,0,0,0,0,0,0,0,0,0,0,0,0
2338,Wedding_Dress,ウェディングドレス,5,43000,0,500,0,0,0,15,0,0,0,0,0,0,0,0,8190,2,16,0,0,0,0,0,0,0,0,0,0,0,0,0,0,0
2339,G_Strings,ブリーフ,5,1000,0,100,0,0,4,0,0,0,0,0,0,0,0,0,8191,2,16,0,0,0,0,0,0,0,0,0,0,0,0,0,0,0
2401,Sandals,サンダル,5,400,0,200,0,0,1,0,0,0,0,0,0,0,0,0,8191,2,64,0,0,0,0,0,0,0,0,0,0,0,0,0,0,0
2402,Sandals_,サンダル,5,400,0,200,0,0,1,0,0,1,0,0,0,0,0,0,8191,2,64,0,0,0,0,0,0,0,0,0,0,0,0,0,0,0
2403,Shoes,シューズ,5,3500,0,400,0,0,2,0,0,0,0,0,0,0,0,0,8190,2,64,0,0,0,0,0,0,0,0,0,0,0,0,0,0,0
2404,Shoes_,シューズ,5,3500,0,400,0,0,2,0,0,1,0,0,0,0,0,0,8190,2,64,0,0,0,0,0,0,0,0,0,0,0,0,0,0,0
2405,Boots,ブーツ,5,18000,0,600,0,0,4,0,0,0,0,0,0,0,0,0,6890,2,64,0,0,0,0,0,0,0,0,0,0,0,0,0,0,0
2406,Boots_,ブーツ,5,18000,0,600,0,0,4,0,0,1,0,0,0,0,0,0,6890,2,64,0,0,0,0,0,0,0,0,0,0,0,0,0,0,0
2407,Chrystal_Pumps,ガラスの靴,5,20,0,100,0,0,0,10,0,0,0,0,0,0,0,5,8190,0,64,0,0,0,0,0,0,0,0,0,0,0,0,0,0,0
2408,Cuffs,足鎖,5,5000,0,3000,0,0,3,0,0,0,0,0,0,0,0,0,8191,2,64,0,0,0,0,0,0,0,0,0,0,0,0,0,0,0
2409,Spiky_Heel,ハイヒール,5,8500,0,600,0,0,2,5,0,0,0,0,0,0,0,0,6890,2,64,0,0,0,0,0,0,0,0,0,0,0,0,0,0,0
2501,Hood,フード,5,1000,0,200,0,0,1,0,0,0,0,0,0,0,0,0,8191,2,4,0,0,0,0,0,0,0,0,0,0,0,0,0,0,0
2502,Hood_,フード,5,1000,0,200,0,0,1,0,0,1,0,0,0,0,0,0,8191,2,4,0,0,0,0,0,0,0,0,0,0,0,0,0,0,0
2503,Muffler,マフラー,5,5000,0,400,0,0,2,0,0,0,0,0,0,0,0,0,8190,2,4,0,0,0,0,0,0,0,0,0,0,0,0,0,0,0
2504,Muffler_,マフラー,5,5000,0,400,0,0,2,0,0,1,0,0,0,0,0,0,8190,2,4,0,0,0,0,0,0,0,0,0,0,0,0,0,0,0
2505,Manteau,マント,5,32000,0,600,0,0,4,0,0,0,0,0,0,0,0,0,6370,2,4,0,0,0,0,0,0,0,0,0,0,0,0,0,0,0
2506,Manteau_,マント,5,32000,0,600,0,0,4,0,0,1,0,0,0,0,0,0,6370,2,4,0,0,0,0,0,0,0,0,0,0,0,0,0,0,0
2507,Cape_Of_Ancient_Lord,昔の領主のマント,5,20,0,600,0,0,2,0,0,0,0,1,0,0,0,0,8190,2,4,0,40,0,0,0,0,0,0,0,0,0,0,0,0,0
2508,Ragamuffin_Cape,ぼろ_マント,5,20,0,500,0,0,1,10,0,0,0,0,0,0,0,0,8190,2,4,0,0,0,0,0,0,0,0,0,0,0,0,0,0,0
2601,Ring,リング,5,30000,0,100,0,0,0,0,0,0,2,0,0,0,0,0,8190,2,136,0,20,0,0,0,0,0,0,0,0,0,0,0,0,0
2602,Earring,イヤリング,5,30000,0,100,0,0,0,0,0,0,0,0,0,2,0,0,8190,2,136,0,20,0,0,0,0,0,0,0,0,0,0,0,0,0
2603,Necklace,ネックレス,5,30000,0,100,0,0,0,0,0,0,0,0,2,0,0,0,8190,2,136,0,20,0,0,0,0,0,0,0,0,0,0,0,0,0
2604,Glove,グローブ,5,30000,0,100,0,0,0,0,0,0,0,0,0,0,2,0,8190,2,136,0,20,0,0,0,0,0,0,0,0,0,0,0,0,0
2605,Brooch,ブローチ,5,30000,0,100,0,0,0,0,0,0,0,2,0,0,0,0,8190,2,136,0,20,0,0,0,0,0,0,0,0,0,0,0,0,0
2607,Clip,クリップ,5,30000,0,100,0,0,0,0,0,1,0,0,0,0,0,0,8190,2,136,0,0,0,0,0,0,0,0,0,0,0,0,0,0,0
2608,Rosary,ロザリー,5,15000,0,100,0,0,0,5,0,0,0,0,0,0,0,2,8190,2,136,0,20,0,0,0,0,0,0,0,0,0,0,0,0,0
2609,Skul_Ring,骸骨の指輪,5,10000,0,100,0,0,0,0,0,0,0,0,0,0,0,0,8191,2,136,0,0,0,0,0,0,0,0,0,0,0,0,0,0,0
2610,Gold_Ring,金の指輪,5,30000,0,100,0,0,0,0,0,0,0,0,0,0,0,0,8191,2,136,0,0,0,0,0,0,0,0,0,0,0,0,0,0,0
2611,Silver_Ring,銀の指輪,5,20000,0,100,0,0,0,0,0,0,0,0,0,0,0,0,8191,2,136,0,0,0,0,0,0,0,0,0,0,0,0,0,0,0
2612,Flower_Ring,花の指輪,5,1500,0,100,0,0,0,0,0,0,0,0,0,0,0,0,8191,2,136,0,0,0,0,0,0,0,0,0,0,0,0,0,0,0
2613,Diamond_Ring,ダイヤの指輪,5,45000,0,100,0,0,0,0,0,0,0,0,0,0,0,0,8191,2,136,0,0,0,0,0,0,0,0,0,0,0,0,0,0,0
2614,an_Eye_of_Dullahan,デュラハンアイ,5,90000,0,100,0,0,0,0,0,0,0,0,0,0,0,0,8190,2,136,0,50,0,0,0,0,0,0,0,0,0,0,0,0,0
2615,Safety_Ring,セイフティリング,5,75000,0,100,0,0,5,0,0,0,0,0,0,0,0,0,8190,2,136,0,40,0,0,0,0,0,0,0,0,0,0,0,0,0
2616,Critical_Ring,クリティカルリング,5,75000,0,100,0,0,0,0,0,0,0,0,0,0,0,0,8190,2,136,0,40,0,0,0,0,0,0,0,0,0,0,0,0,0
2617,Mitten_of_Presbyter,神官の手袋,5,2,0,100,0,0,1,0,0,0,0,0,0,1,0,0,8190,2,136,0,35,0,0,0,0,0,0,0,0,0,0,0,0,0
2618,Matyr's_Flea_Guard,マタの首輪,5,2,0,100,0,0,1,0,0,0,0,1,0,0,0,0,8190,2,136,0,35,0,0,0,0,0,0,0,0,0,0,0,0,0
2619,Thimble_Of_Archer,弓用の指貫,5,10000,0,100,0,0,0,0,0,0,0,0,0,0,0,0,520,2,136,0,65,0,0,0,0,0,0,0,0,0,0,0,0,0
2620,Ring_Of_Rogue,盗賊の指輪,5,10000,0,100,0,0,0,0,0,0,0,0,0,0,0,0,4160,2,136,0,70,0,0,0,0,0,0,0,0,0,0,0,0,0
2621,Ring,リング,5,0,0,0,0,0,0,0,0,1,2,0,0,0,0,0,8190,2,136,0,20,0,0,0,0,0,0,0,0,0,0,0,0,0
2622,Earing,イヤリング,5,0,0,0,0,0,0,0,0,1,0,0,0,2,0,0,8190,2,136,0,20,0,0,0,0,0,0,0,0,0,0,0,0,0
2623,Necklace,ネックレス,5,0,0,0,0,0,0,0,0,1,0,0,2,0,0,0,8190,2,136,0,20,0,0,0,0,0,0,0,0,0,0,0,0,0
2624,Glove,グローブ,5,0,0,0,0,0,0,0,0,1,0,0,0,0,2,0,8190,2,136,0,20,0,0,0,0,0,0,0,0,0,0,0,0,0
2625,Brooch,ブローチ,5,0,0,0,0,0,0,0,0,1,0,2,0,0,0,0,8190,2,136,0,20,0,0,0,0,0,0,0,0,0,0,0,0,0
2626,Loazario,ロザリオ,5,0,0,0,0,0,0,0,0,1,0,0,0,0,0,2,8190,2,136,0,20,0,0,0,0,0,0,0,0,0,0,0,0,0
2627,Belt,ベルト,5,0,0,0,0,0,0,0,0,1,0,0,0,0,1,0,8190,2,136,0,20,0,0,0,0,0,0,0,0,0,0,0,0,0
2628,Novis_Amulet,ノビス_アミュレット,5,0,0,0,0,0,0,0,0,1,1,0,0,1,0,1,8190,2,136,0,20,0,0,0,0,0,0,0,0,0,0,0,0,0
4001,Poring_Card,ポリンカード,6,20,0,10,0,0,0,0,0,0,0,0,0,0,0,1,0,0,16,0,0,0,0,0,0,0,0,0,0,0,0,0,0,0
4002,Fabre_Card,ファブルカード,6,20,0,10,0,0,0,0,0,0,0,0,1,0,0,0,0,0,2,0,0,0,0,0,0,0,0,0,0,0,0,0,0,0
4003,Pupa_Card,プパカード,6,20,0,10,0,0,0,0,0,0,0,0,0,0,0,0,0,0,16,0,0,0,0,0,50,0,0,0,0,0,0,0,0,0
4004,Drops_Card,ドラップスカード,6,20,0,10,0,0,0,0,0,0,0,0,0,0,1,0,0,0,2,0,0,0,0,0,0,0,0,0,0,0,0,0,0,0
4005,Poring__Card,サンタポリンカード,6,20,0,10,0,0,0,0,0,0,0,0,0,0,0,0,0,0,2,0,0,0,0,0,0,0,0,0,0,0,0,0,0,0
4006,Lunatic_Card,ルナティックカード,6,20,0,10,0,0,0,0,0,0,0,0,0,0,0,1,0,0,2,0,0,0,0,0,0,0,0,0,0,0,0,0,0,0
4007,Pecopeco_Egg_Card,ペコペコの卵カード,6,20,0,10,0,0,0,0,0,0,0,0,0,0,0,0,0,0,2,0,0,0,0,0,0,0,0,0,0,0,0,0,0,0
4008,Picky_Card,ピッキカード,6,20,0,10,0,0,0,0,0,0,1,0,0,0,0,0,0,0,16,0,0,0,0,0,0,0,0,0,0,0,0,0,0,0
4009,Chonchon_Card,チョンチョンカード,6,20,0,10,0,0,0,0,0,0,0,1,0,0,0,0,0,0,64,0,0,0,0,0,0,0,0,0,0,0,0,0,0,0
4010,Wilow_Card,ウィローカード,6,20,0,10,0,0,0,0,0,0,0,0,0,0,0,0,0,0,769,0,0,0,0,0,0,0,30,0,0,0,0,0,0,0
4011,Picky__Card,ピッキカード,6,20,0,10,0,0,0,0,0,0,0,0,1,0,0,0,0,0,16,0,0,0,0,0,0,0,0,0,0,0,0,0,0,0
4012,Thief_Bug_Egg_Card,盗蟲の卵カード,6,20,0,10,0,0,0,0,0,0,0,0,0,0,0,0,0,0,32,0,0,0,0,0,30,0,0,0,0,0,0,0,0,0
4013,Andre_Egg_Card,アンドレの卵カード,6,20,0,10,0,0,0,0,0,0,0,0,0,0,0,0,0,0,32,0,0,0,0,0,0,5,0,0,0,0,0,0,0,0
4014,Roda_Frog_Card,ロッダフロッグカード,6,20,0,10,0,0,0,0,0,0,0,0,0,0,0,0,0,0,16,0,0,0,0,0,100,0,0,0,0,0,0,0,0,0
4015,Condor_Card,コンドルカード,6,20,0,10,0,0,0,0,0,0,0,0,0,0,0,0,0,0,4,0,0,0,0,0,0,0,0,0,0,0,0,0,5,0
4016,Thief_Bug_Card,盗虫カード,6,20,0,10,0,0,0,0,0,0,0,1,0,0,0,0,0,0,16,0,0,0,0,0,0,0,0,0,0,0,0,0,0,0
4017,Savage_Babe_Card,サヴィッジベベカード,6,20,0,10,0,0,0,0,0,0,0,0,0,0,0,0,0,0,2,0,0,0,0,0,0,0,0,0,0,0,0,0,0,0
4018,Andre_Larva_Card,アンドレの幼虫カード,6,20,0,10,0,0,0,0,0,0,0,0,0,0,0,0,0,0,2,0,0,0,0,0,0,0,0,0,0,0,0,0,0,0
4019,Hornet_Card,ホーネットカード,6,20,0,10,0,0,0,0,0,0,1,0,0,0,0,0,0,0,2,0,0,0,0,0,0,0,0,0,0,0,0,0,0,0
4020,Farmiliar_Card,ファミリアカード,6,20,0,10,0,0,0,0,0,0,0,0,0,0,0,0,0,0,2,0,0,0,0,0,0,0,0,0,0,0,0,0,0,0
4021,Rocker_Card,ロッカーカード,6,20,0,10,0,0,0,0,0,0,0,0,0,0,1,0,0,0,16,0,0,0,0,0,0,0,0,0,0,0,0,0,0,0
4022,Spore_Card,スポアカード,6,20,0,10,0,0,0,0,0,0,0,0,2,0,0,0,0,0,136,0,0,0,0,0,0,0,0,0,0,0,0,0,0,0
4023,Desert_Wolf_Babe_Card,子デザートウルフカード,6,20,0,10,0,0,0,0,0,0,0,0,0,1,0,0,0,0,16,0,0,0,0,0,0,0,0,0,0,0,0,0,0,0
4024,Plankton_Card,プランクトンカード,6,20,0,10,0,0,0,0,0,0,0,0,0,0,0,0,0,0,2,0,0,0,0,0,0,0,0,0,0,0,0,0,0,0
4025,Skeleton_Card,スケルトンカード,6,20,0,10,0,0,0,0,0,0,0,0,0,0,0,0,0,0,2,0,0,0,0,0,0,0,0,0,0,0,0,0,0,0
4026,Thief_bug_Female_Card,雌盗蟲カード,6,20,0,10,0,0,0,0,0,0,0,1,0,0,0,0,0,0,2,0,0,0,0,0,0,0,0,0,0,0,0,0,0,0
4027,Kukre_Card,ククレカード,6,20,0,10,0,0,0,0,0,0,0,2,0,0,0,0,0,0,136,0,0,0,0,0,0,0,0,0,0,0,0,0,0,0
4028,Tarou_Card,タロウカード,6,20,0,10,0,0,0,0,0,0,2,0,0,0,0,0,0,0,136,0,0,0,0,0,0,0,0,0,0,0,0,0,0,0
4029,Wolf_Card,ウルフカード,6,20,0,10,5,0,0,0,0,0,0,0,0,0,0,0,0,0,2,0,0,0,0,0,0,0,0,0,0,0,0,0,0,0
4030,Mandragora_Card,マンドラゴラカード,6,20,0,10,0,0,0,0,0,0,0,0,0,0,0,0,0,0,2,0,0,0,0,0,0,0,0,0,0,0,0,0,0,0
4031,Pecopeco_Card,ペコペコカード,6,20,0,10,0,0,0,0,0,0,0,0,0,0,0,0,0,0,16,0,0,0,0,0,150,0,0,0,0,0,0,0,0,0
4032,Ambernite_Card,アンバーナイトカード,6,20,0,10,0,0,0,0,0,0,0,0,2,0,0,0,0,0,32,0,0,0,0,0,0,0,0,0,0,0,0,0,0,0
4033,Poporing_Card,ポポリンカード,6,20,0,10,0,0,0,0,0,0,0,0,0,0,0,0,0,0,136,0,0,0,0,0,0,0,0,0,0,0,0,0,0,52
4034,Worm_Tail_Card,ワームテールカード,6,20,0,10,0,0,0,0,0,0,0,0,0,0,2,0,0,0,136,0,0,0,0,0,0,0,0,0,0,0,0,0,0,0
4035,Hydra_Card,ヒドラカード,6,20,0,10,0,0,0,0,0,0,0,0,0,0,0,0,0,0,2,0,0,0,0,0,0,0,0,0,0,0,0,0,0,0
4036,Muka_Card,ムカーカード,6,20,0,10,0,0,0,0,0,0,0,0,0,0,0,0,0,0,136,0,0,0,0,0,0,0,0,0,0,0,0,0,0,0
4037,Snake_Card,スネイクカード,6,20,0,10,0,0,0,0,0,0,0,0,0,0,0,0,0,0,2,0,0,0,0,0,0,0,0,0,0,0,0,0,0,0
4038,Zombie_Card,ゾンビカード,6,20,0,10,0,0,0,0,0,0,0,0,0,0,0,0,0,0,64,0,0,0,0,0,0,0,0,0,0,0,0,0,0,0
4039,Stainer_Card,スタイナーカード,6,20,0,10,0,0,0,0,0,0,0,0,0,0,0,0,0,0,769,0,0,0,0,0,0,0,0,0,0,0,0,0,0,0
4040,Creamy_Card,クリーミーカード,6,20,0,10,0,0,0,0,0,0,0,0,0,0,0,0,0,0,136,0,0,0,0,0,0,0,0,0,0,0,0,0,0,26
4041,Coco_Card,コーコーカード,6,20,0,10,0,0,0,0,0,0,0,0,0,0,0,0,0,0,769,0,0,0,0,0,0,0,0,0,0,0,0,0,0,0
4042,Steel_Chonchon_Card,スチールチョンチョンカード,6,20,0,10,0,0,0,0,0,0,0,0,0,0,0,0,0,0,16,0,0,0,0,0,0,0,0,0,0,0,0,0,0,0
4043,Andre_Card,アンドレカード,6,20,0,10,10,0,0,0,0,0,0,0,0,0,0,0,0,0,2,0,0,0,0,0,0,0,0,0,0,0,0,0,0,0
4044,Smokie_Card,スモーキーカード,6,20,0,10,0,0,0,0,0,0,0,0,0,0,0,0,0,0,136,0,0,0,0,0,0,0,0,0,0,0,0,0,0,51
4045,horn_Card,ホルンカード,6,20,0,10,0,0,0,0,0,0,0,0,0,0,0,0,0,0,32,0,0,0,0,0,0,0,0,0,0,0,0,0,0,0
4046,Martin_Card,マーティンカード,6,20,0,10,0,0,0,0,0,0,0,0,0,0,0,0,0,0,769,0,0,0,0,0,0,0,0,0,0,0,0,0,0,0
4047,Ghostring_Card,ゴーストリングカード,6,20,0,10,0,0,0,0,0,0,0,0,0,0,0,0,0,0,16,0,0,0,0,0,0,0,0,0,0,0,0,0,0,0
4048,Poison_Spore_Card,ポイズンスポアカード,6,20,0,10,0,0,0,0,0,0,0,0,0,0,0,0,0,0,136,0,0,0,0,0,0,0,0,0,0,0,0,0,0,52
4049,Vadon_Card,バドンカード,6,20,0,10,0,0,0,0,0,0,0,0,0,0,0,0,0,0,2,0,0,0,0,0,0,0,0,0,0,0,0,0,0,0
4050,Thief_bug_Male_Card,雄盗蟲カード,6,20,0,10,0,0,0,0,0,0,0,2,0,0,0,0,0,0,64,0,0,0,0,0,0,0,0,0,0,0,0,0,0,0
4051,Yoyo_Card,ヨーヨーカード,6,20,0,10,0,0,0,0,0,0,0,1,0,0,0,0,0,0,136,0,0,0,0,0,0,0,0,0,0,0,0,5,0,0
4052,Elder_Wilow_Card,エルダーウィローカード,6,20,0,10,0,0,0,0,0,0,0,0,0,2,0,0,0,0,769,0,0,0,0,0,0,0,0,0,0,0,0,0,0,0
4053,Vitata_Card,ビタタカード,6,20,0,10,0,0,0,0,0,0,0,0,0,0,0,0,0,0,136,0,0,0,0,0,0,0,0,0,0,0,0,0,0,28
4054,Angeling_Card,エンジェリングカード,6,20,0,10,0,0,0,0,0,0,0,0,0,0,0,0,0,0,16,0,0,0,0,0,0,0,0,0,0,0,0,0,0,0
4055,Marina_Card,マリナカード,6,20,0,10,0,0,0,0,0,0,0,0,0,0,0,0,0,0,2,0,0,0,0,0,0,0,0,0,0,0,0,0,0,0
4056,Dustiness_Card,ダスティネースカード,6,20,0,10,0,0,0,0,0,0,0,0,0,0,0,0,0,0,4,0,0,0,0,0,0,0,0,0,0,0,0,0,0,0
4057,Metaller_Card,メタルラカード,6,20,0,10,0,0,0,0,0,0,0,0,0,0,0,0,0,0,2,0,0,0,0,0,0,0,0,0,0,0,0,0,0,0
4058,Thara_Frog_Card,タラフロッグカード,6,20,0,10,0,0,0,0,0,0,0,0,0,0,0,0,0,0,32,0,0,0,0,0,0,0,0,0,0,0,0,0,0,0
4059,Soldier_Andre_Card,兵隊アンドレカード,6,20,0,10,0,0,0,0,0,0,0,0,0,0,0,0,0,0,32,0,0,0,0,0,0,0,0,0,0,0,0,0,0,0
4060,Goblin_Card,ゴブリンカード,6,20,0,10,0,0,0,0,0,0,0,0,0,0,0,0,0,0,2,0,0,0,0,0,0,0,0,0,0,0,0,0,0,0
4061,Cornutus_Card,カナトゥスカード,6,20,0,10,0,0,0,0,0,0,0,0,0,0,0,0,0,0,16,0,0,0,0,0,0,0,0,0,0,0,0,0,0,0
4062,Anacondaq_Card,アナコンダクカード,6,20,0,10,0,0,0,0,0,0,0,0,0,0,0,0,0,0,2,0,0,0,0,0,0,0,0,0,0,0,0,0,0,0
4063,Caramel_Card,キャラメルカード,6,20,0,10,0,0,0,0,0,0,0,0,0,0,0,0,0,0,2,0,0,0,0,0,0,0,0,0,0,0,0,0,0,0
4064,Zerom_Card,ゼロムカード,6,20,0,10,0,0,0,0,0,0,0,0,0,0,3,0,0,0,136,0,0,0,0,0,0,0,0,0,0,0,0,0,0,0
4065,Kaho_Card,カホカード,6,20,0,10,0,0,0,0,0,0,0,0,0,0,0,0,0,0,2,0,0,0,0,0,0,0,0,0,0,0,0,0,0,0
4066,Orc_Warrior_Card,オークウォリアーカード,6,20,0,10,0,0,0,0,0,0,0,0,0,0,0,0,0,0,32,0,0,0,0,0,0,0,0,0,0,0,0,0,0,0
4067,Megalodon_Card,メガロドンカード,6,20,0,10,0,0,0,0,0,0,0,0,0,0,0,0,0,0,32,0,0,0,0,0,0,0,0,0,0,0,0,0,0,0
4068,Scorpion_Card,スコーピオンカード,6,20,0,10,0,0,0,0,0,0,0,0,0,0,0,0,0,0,2,0,0,0,0,0,0,0,0,0,0,0,0,0,0,0
4069,Drainliar_Card,ドラインリアーカード,6,20,0,10,0,0,0,0,0,0,0,0,0,0,0,0,0,0,2,0,0,0,0,0,0,0,0,0,0,0,0,0,0,0
4070,Eggyra_Card,エギラカード,6,20,0,10,0,0,0,0,0,0,0,0,0,0,0,0,0,0,64,0,0,0,0,0,0,0,0,0,0,0,0,0,0,0
4071,Orc_Zombie_Card,オークゾンビカード,6,20,0,10,0,0,0,0,0,0,0,0,0,0,0,0,0,0,4,0,0,0,0,0,0,0,0,0,0,0,0,0,0,0
4072,Golem_Card,ゴーレムカード,6,20,0,10,0,0,0,0,0,0,0,0,0,0,0,0,0,0,2,0,0,0,0,0,0,0,0,0,0,0,0,0,0,0
4073,Pirate_Skel_Card,パイレーツスケルカード,6,20,0,10,0,0,0,0,0,0,0,0,0,0,0,0,0,0,136,0,0,0,0,0,0,0,0,0,0,0,0,0,0,37
4074,BigFoot_Card,ビックフットカード,6,20,0,10,0,0,0,0,0,0,0,0,0,0,0,0,0,0,32,0,0,0,0,0,0,0,0,0,0,0,0,0,0,0
4075,Argos_Card,アルゴスカード,6,20,0,10,0,0,0,0,0,0,0,0,0,0,0,0,0,0,32,0,0,0,0,0,0,0,0,0,0,0,0,0,0,0
4076,Magnolia_Card,白蓮玉カード,6,20,0,10,0,0,0,0,0,0,0,0,0,0,0,0,0,0,2,0,0,0,0,0,0,0,0,0,0,0,0,0,0,0
4077,Phen_Card,フェンカード,6,20,0,10,0,0,0,0,0,0,0,0,0,0,0,0,0,0,136,0,0,0,0,0,0,0,0,0,0,0,0,0,0,0
4078,Savage_Card,サヴィッジカード,6,20,0,10,0,0,0,0,0,0,0,0,3,0,0,0,0,0,16,0,0,0,0,0,0,0,0,0,0,0,0,0,0,0
4079,Mantis_Card,マンティスカード,6,20,0,10,0,0,0,0,0,0,3,0,0,0,0,0,0,0,136,0,0,0,0,0,0,0,0,0,0,0,0,0,0,0
4080,Flora_Card,フローラカード,6,20,0,10,0,0,0,0,0,0,0,0,0,0,0,0,0,0,2,0,0,0,0,0,0,0,0,0,0,0,0,0,0,0
4081,Hode_Card,ホードカード,6,20,0,10,0,0,0,0,0,0,0,0,0,0,0,0,0,0,4,0,0,0,0,0,0,0,0,0,0,0,0,0,0,0
4082,Desert_Wolf_Card,デザートウルフカード,6,20,0,10,0,0,0,0,0,0,0,0,0,0,0,0,0,0,2,0,0,0,0,0,0,0,0,0,0,0,0,0,0,0
4083,Rafflesia_Card,ラフレシアカード,6,20,0,10,0,0,0,0,0,0,0,0,0,0,0,0,0,0,32,0,0,0,0,0,0,0,0,0,0,0,0,0,0,0
4084,Marine_Sphere_Card,マリンスピアーカード,6,20,0,10,0,0,0,0,0,0,0,0,0,0,0,0,0,0,136,0,0,0,0,0,0,0,0,0,0,0,0,0,0,7
4085,Orc_Skeleton_Card,オークスケルトンカード,6,20,0,10,0,0,0,0,0,0,0,0,0,0,0,0,0,0,2,0,0,0,0,0,0,0,0,0,0,0,0,0,0,0
4086,Soldier_Skeleton_Card,ソルジャースキルトンカード,6,20,0,10,0,0,0,0,0,0,0,0,0,0,0,0,0,0,2,0,0,0,0,0,0,0,0,0,0,0,0,9,0,0
4087,Giearth_Card,ガイアスカード,6,20,0,10,0,0,0,0,0,0,0,0,0,0,0,0,0,0,769,0,0,0,0,0,0,0,0,0,0,0,0,0,0,0
4088,Frilldora_Card,フリルドラカード,6,20,0,10,0,0,0,0,0,0,0,0,0,0,0,0,0,0,4,0,0,0,0,0,0,0,0,0,0,0,0,0,0,0
4089,Sword_Fish_Card,ソードフィッシュカード,6,20,0,10,0,0,0,0,0,0,0,0,0,0,0,0,0,0,16,0,0,0,0,0,0,0,0,0,0,0,0,0,0,0
4090,Munak_Card,ムナックカード,6,20,0,10,0,0,0,0,0,0,0,0,0,0,0,0,0,0,32,0,0,0,0,0,0,0,0,0,0,0,0,0,0,0
4091,Kobold_Card,コボルドカード,6,20,0,10,0,0,0,0,0,0,1,0,0,0,0,0,0,0,136,0,0,0,0,0,0,0,0,0,0,0,0,5,0,0
4092,Skel_Worker_Card,スケルワーカーカード,6,20,0,10,0,0,0,0,0,0,0,0,0,0,0,0,0,0,2,0,0,0,0,0,0,0,0,0,0,0,0,0,0,0
4093,Obeaune_Card,オボンヌカード,6,20,0,10,0,0,0,0,0,0,0,0,0,0,0,0,0,0,136,0,0,0,0,0,0,0,0,0,0,0,0,0,0,35
4094,Archer_Skeleton_Card,アーチャースケルトンカード,6,20,0,10,0,0,0,0,0,0,0,0,0,0,0,0,0,0,2,0,0,0,0,0,0,0,0,0,0,0,0,0,0,0
4095,Marse_Card,マルスカード,6,20,0,10,0,0,0,0,0,0,0,0,0,0,0,0,0,0,4,0,0,0,0,0,0,0,0,0,0,0,0,0,0,0
4096,Zenorc_Card,ゼノークカード,6,20,0,10,0,0,0,0,0,0,0,0,0,0,0,0,0,0,2,0,0,0,0,0,0,0,0,0,0,0,0,0,0,0
4097,Matyr_Card,マーターカード,6,20,0,10,0,0,0,0,0,0,0,1,0,0,0,0,0,0,64,0,0,0,0,0,0,12,0,0,0,0,0,0,0,0
4098,Dokebi_Card,ドケビカード,6,20,0,10,0,0,0,0,0,0,0,0,0,0,0,0,0,0,16,0,0,0,0,0,0,0,0,0,0,0,0,0,0,0
4099,Pasana_Card,パサナカード,6,20,0,10,0,0,0,0,0,0,0,0,0,0,0,0,0,0,16,0,0,0,0,0,0,0,0,0,0,0,0,0,0,0
4100,Sohee_Card,ソヒーカード,6,20,0,10,0,0,0,0,0,0,0,0,0,0,0,0,0,0,64,0,0,0,0,0,0,0,0,20,0,0,0,0,0,0
4101,Sand_Man_Card,サンドマンカード,6,20,0,10,0,0,0,0,0,0,0,0,0,0,0,0,0,0,16,0,0,0,0,0,0,0,0,0,0,0,0,0,0,0
4102,Whisper_Card,ウィスパーカード,6,20,0,10,0,0,0,0,0,0,0,0,0,0,0,0,0,0,4,0,0,0,0,0,0,0,0,0,0,0,0,0,20,0
4103,Horong_Card,ホロンカード,6,20,0,10,0,0,0,0,0,0,0,0,0,0,0,0,0,0,136,0,0,0,0,0,0,0,0,0,0,0,0,0,0,10
4104,Requiem_Card,レクイエムカード,6,20,0,10,0,0,0,0,0,0,0,0,0,0,0,0,0,0,2,0,0,0,0,0,0,0,0,0,0,0,0,0,0,0
4105,Marc_Card,マルクカード,6,20,0,10,0,0,0,0,0,0,0,0,0,0,0,0,0,0,16,0,0,0,0,0,0,0,0,0,0,0,0,0,0,0
4106,Mummy_Card,マミーカード,6,20,0,10,0,0,0,0,0,0,0,0,0,0,0,0,0,0,2,0,0,0,0,0,0,0,0,0,0,0,20,0,0,0
4107,Verit_Card,ベリットカード,6,20,0,10,0,0,0,0,0,0,0,0,0,0,0,0,0,0,64,0,0,0,0,0,0,8,0,8,0,0,0,0,0,0
4108,Myst_Card,ミストカード,6,20,0,10,0,0,0,0,0,0,0,0,0,0,0,0,0,0,4,0,0,0,0,0,0,0,0,0,0,0,0,0,0,0
4109,Jakk_Card,ザックカード,6,20,0,10,0,0,0,0,0,0,0,0,0,0,0,0,0,0,4,0,0,0,0,0,0,0,0,0,0,0,0,0,0,0
4110,Ghoul_Card,グールカード,6,20,0,10,0,0,0,0,0,0,0,0,0,0,0,0,0,0,769,0,0,0,0,0,0,0,0,0,0,0,0,0,0,0
4111,Strouf_Card,ストラウフカード,6,20,0,10,0,0,0,0,0,0,0,0,0,0,0,0,0,0,2,0,0,0,0,0,0,0,0,0,0,0,0,0,0,0
4112,Marduk_Card,マルドゥークカード,6,20,0,10,0,0,0,0,0,0,0,0,0,0,0,0,0,0,769,0,0,0,0,0,0,0,0,0,0,0,0,0,0,0
4113,Marionette_Card,マリオネットカード,6,20,0,10,0,0,0,0,0,0,0,0,0,0,0,0,0,0,4,0,0,0,0,0,0,0,0,0,0,0,0,0,0,0
4114,Argiope_Card,アルギオペカード,6,20,0,10,0,0,0,0,0,0,0,0,0,0,0,0,0,0,16,0,0,0,0,0,0,0,0,0,0,0,0,0,0,0
4115,Hunter_Fly_Card,ハンターフライカード,6,20,0,10,0,0,0,0,0,0,0,0,0,0,0,0,0,0,2,0,0,0,0,0,0,0,0,0,0,0,0,0,0,0
4116,Isis_Card,イシスカード,6,20,0,10,0,0,0,0,0,0,0,0,0,0,0,0,0,0,4,0,0,0,0,0,0,0,0,0,0,0,0,0,0,0
4117,Side_Winder_Card,サイドワインダーカード,6,20,0,10,0,0,0,0,0,0,0,0,0,0,0,0,0,0,2,0,0,0,0,0,0,0,0,0,0,0,0,0,0,0
4118,Petit_Card,プティットカード,6,20,0,10,0,0,0,0,0,0,0,0,0,0,0,0,0,0,2,0,0,0,0,0,0,0,0,0,0,0,0,0,0,0
4119,Bathory_Card,バースリーカード,6,20,0,10,0,0,0,0,0,0,0,0,0,0,0,0,0,0,16,0,0,0,0,0,0,0,0,0,0,0,0,0,0,0
4120,Petit__Card,プティットカード,6,20,0,10,0,0,0,0,0,0,0,0,0,0,0,0,0,0,32,0,0,0,0,0,0,0,0,0,0,0,0,0,0,0
4121,Phreeoni_Card,フリーオニカード,6,20,0,10,0,0,0,0,0,0,0,0,0,0,0,0,0,0,2,0,0,0,0,0,0,0,0,0,0,0,0,0,0,0
4122,Deviruchi_Card,デビルチカード,6,20,0,10,0,0,0,0,0,0,0,0,0,0,0,0,0,0,769,0,0,0,0,0,0,0,0,0,0,0,0,0,0,0
4123,Eddga_Card,エドガカード,6,20,0,10,0,0,0,0,0,0,0,0,0,0,0,0,0,0,64,0,0,0,0,0,0,0,0,0,0,0,0,0,0,0
4124,Medusa_Card,メドゥーサカード,6,20,0,10,0,0,0,0,0,0,0,0,0,0,0,0,0,0,32,0,0,0,0,0,0,0,0,0,0,0,0,0,0,0
4125,Deviace_Card,デビアスカード,6,20,0,10,0,0,0,0,0,0,0,0,0,0,0,0,0,0,2,0,0,0,0,0,0,0,0,0,0,0,0,0,0,0
4126,Minorous_Card,マイナウロスカード,6,20,0,10,0,0,0,0,0,0,0,0,0,0,0,0,0,0,2,0,0,0,0,0,0,0,0,0,0,0,0,0,0,0
4127,Nightmare_Card,ナイトメアカード,6,20,0,10,0,0,0,0,0,0,0,0,0,0,0,0,0,0,769,0,0,0,0,0,0,0,0,0,0,0,0,0,0,0
4128,Golden_Bug_Card,黄金盗蟲カード,6,20,0,10,0,0,0,0,0,0,0,0,0,0,0,0,0,0,32,0,0,0,0,0,0,0,0,0,0,0,0,0,0,0
4129,Baphomet__Card,バフォメットジュニアカード,6,20,0,10,0,0,0,0,0,0,0,0,0,0,0,0,0,0,4,0,0,0,0,0,0,0,0,0,0,0,0,0,0,0
4130,Scorpion_King_Card,スコーピオンキングカード,6,20,0,10,0,0,0,0,0,0,0,0,0,0,0,0,0,0,2,0,0,0,0,0,0,0,0,0,0,0,0,0,0,0
4131,Moonlight_Flower_Card,月夜花カード,6,20,0,10,0,0,0,0,0,0,0,0,0,0,0,0,0,0,64,0,0,0,0,0,0,0,0,0,0,0,0,0,0,0
4132,Mistress_Card,ミストレスカード,6,20,0,10,0,0,0,0,0,0,0,0,0,0,0,0,0,0,769,0,0,0,0,0,0,0,0,0,0,0,0,0,0,0
4133,Daydric_Card,レイドリックカード,6,20,0,10,0,0,0,0,0,0,0,0,0,0,0,0,0,0,4,0,0,0,0,0,0,0,0,0,0,0,0,0,0,0
4134,Dracula_Card,ドラキュラカード,6,20,0,10,0,0,0,0,0,0,0,0,0,0,0,0,0,0,2,0,0,0,0,0,0,0,0,0,0,0,0,0,0,0
4135,Orc_Load_Card,オークロードカード,6,20,0,10,0,0,0,0,0,0,0,0,0,0,0,0,0,0,16,0,0,0,0,0,0,0,0,0,0,0,0,0,0,0
4136,Khalitzburg_Card,カーリッツバーグカード,6,20,0,10,0,0,0,0,0,0,0,0,0,0,0,0,0,0,32,0,0,0,0,0,0,0,0,0,0,0,0,0,0,0
4137,Drake_Card,ドレイクカード,6,20,0,10,0,0,0,0,0,0,0,0,0,0,0,0,0,0,2,0,0,0,0,0,0,0,0,0,0,0,0,0,0,0
4138,Anubis_Card,アヌビスカード,6,20,0,10,0,0,0,0,0,0,0,0,0,0,0,0,0,0,32,0,0,0,0,0,0,0,0,0,0,0,0,0,0,0
4139,Joker_Card,ジョーカーカード,6,20,0,10,0,0,0,0,0,0,0,0,0,0,0,0,0,0,136,0,0,0,0,0,0,0,0,0,0,0,0,0,0,50
4140,Knight_Of_Abyss_Card,深淵の騎士カード,6,20,0,10,0,0,0,0,0,0,0,0,0,0,0,0,0,0,2,0,0,0,0,0,0,0,0,0,0,0,0,0,0,0
4141,Evil_Druid_Card,ドルイドカード,6,20,0,10,0,0,0,0,0,0,0,0,0,0,0,0,0,0,16,0,0,0,0,0,0,0,0,0,0,0,0,0,0,0
4142,Doppelganger_Card,ドッペルゲンガーカード,6,20,0,10,0,0,0,0,0,0,0,0,0,0,0,0,0,0,2,0,0,0,0,0,0,0,0,0,0,0,0,0,0,0
4143,Orc_Hero_Card,オークヒーローカード,6,20,0,10,0,0,0,0,0,0,0,0,0,0,0,0,0,0,769,0,0,0,0,0,0,0,0,0,0,0,0,0,0,0
4144,Osiris_Card,オシリスカード,6,20,0,10,0,0,0,0,0,0,0,0,0,0,0,0,0,0,136,0,0,0,0,0,0,0,0,0,0,0,0,0,0,0
4145,Berzebub_Card,ヴェルゼブブカード,6,20,0,10,0,0,0,0,0,0,0,0,0,0,0,0,0,0,136,0,0,0,0,0,0,0,0,0,0,0,0,0,0,0
4146,Maya_Card,マヤーカード,6,20,0,10,0,0,0,0,0,0,0,0,0,0,0,0,0,0,32,0,0,0,0,0,0,0,0,0,0,0,0,0,0,0
4147,Baphomet_Card,バフォメットカード,6,20,0,10,0,0,0,0,0,0,0,0,0,0,0,0,0,0,2,0,0,0,0,0,0,0,0,0,0,0,0,0,0,0
4148,Pharaoh_Card,ファラオカード,6,20,0,10,0,0,0,0,0,0,0,0,0,0,0,0,0,0,769,0,0,0,0,0,0,0,0,0,0,0,0,0,0,0
5001,Headset,ヘッドフォン,5,20,0,200,0,0,3,0,0,0,0,0,0,0,0,0,8191,2,256,0,0,87,0,0,0,0,0,0,0,0,0,0,0,0
5002,Gemmed_Crown,ジュエルクラウン,5,20,0,600,0,0,4,3,0,0,0,0,0,2,0,1,2210,2,256,0,60,88,0,0,0,0,0,0,0,0,0,0,0,0
5003,Joker_Jester,ピエロの帽子,5,20,0,100,0,0,1,5,0,0,0,0,0,0,0,2,8191,2,256,0,0,89,0,0,0,0,0,0,0,0,0,0,0,0
5004,Oxygen_Mask,酸素マスク,5,20,0,200,0,0,0,0,0,0,0,0,0,0,0,0,8191,2,1,0,0,90,0,0,0,0,0,0,0,0,0,0,0,0
5005,Gas_Mask,ガスマスク,5,20,0,100,0,0,1,0,0,0,0,0,0,0,0,0,8191,2,513,0,0,91,0,0,0,0,0,0,0,0,0,0,0,0
5006,Machoman_Glasses,ハートファンデーション,5,36000,0,100,0,0,1,0,0,0,0,0,0,0,0,0,8191,2,512,0,0,92,0,0,0,0,0,0,0,0,0,0,0,0
5007,Loard_Circlet,ロードサクレット,5,20,0,200,0,0,3,4,0,0,1,0,0,1,0,1,8191,2,256,0,55,93,0,0,0,0,0,0,0,0,0,0,0,0
5008,Puppy_Love,仮初めの恋,5,20,0,100,0,0,1,0,0,0,0,0,0,0,0,0,8191,2,256,0,0,94,0,0,0,0,0,0,0,0,0,0,0,0
5009,Safety_Helmet,工事帽,5,20,0,500,0,0,3,3,0,0,0,0,0,0,0,0,8191,2,256,0,0,95,0,0,0,0,0,0,0,0,0,0,0,0
5010,Indian_Hair_Piece,インディアンのヘアバンド,5,20,0,100,0,0,3,0,0,0,0,0,0,0,0,0,8191,2,256,0,0,96,0,0,0,0,0,0,0,0,0,0,0,0
5011,Antenna,アンテナ,5,20,0,100,0,0,3,0,0,0,0,0,0,0,0,0,8191,2,256,0,0,97,0,0,0,0,0,0,0,0,0,0,0,0
5012,Ph.D_Hat,学者帽,5,20,0,200,0,0,3,3,0,0,0,0,0,0,0,0,8191,2,256,0,0,98,0,0,0,0,0,0,0,0,0,0,0,0
5013,Horn_Of_Lord_Kaho,ロードカホの角,5,20,0,100,0,0,5,0,0,0,5,10,10,5,0,20,8191,2,256,0,0,99,0,0,0,0,0,0,0,0,0,0,0,0
5014,Fin_Helm,えらヘルム,5,20,0,300,0,0,2,0,0,0,0,0,0,0,0,0,130,2,512,0,65,100,0,0,0,0,0,0,0,0,0,0,0,0
5015,Egg_Shell,装飾用卵殻,5,20,0,200,0,0,3,0,0,0,0,0,0,0,0,0,8191,2,256,0,0,101,0,0,0,0,0,0,0,0,0,0,0,0
5016,Boy's_Cap,学生帽,5,20,0,100,0,0,2,0,0,0,0,0,0,0,0,0,8191,2,256,0,0,102,0,0,0,0,0,0,0,0,0,0,0,0
5017,Bone_Helm,ボーンヘルム,5,20,0,800,0,0,7,0,0,0,0,0,0,0,0,0,2210,2,256,0,70,103,0,0,0,0,0,0,0,0,0,0,0,0
5018,Feather_Bonnet,羽毛帽子,5,20,0,300,0,0,4,0,0,0,0,1,0,0,0,0,520,2,256,0,0,104,0,0,0,0,0,0,0,0,0,0,0,0
5019,Corsair,コルセア,5,20,0,500,0,0,5,0,0,0,0,0,1,0,0,0,8191,2,256,0,0,105,0,0,0,0,0,0,0,0,0,0,0,0
7001,,カビの粉,3,680,0,10,,,,,,,,,,,,,,,,,,,,,,,,,,,,,,
7002,,オーガの牙,3,,0,10,,,,,,,,,,,,,,,,,,,,,,,,,,,,,,
7003,,アノリアンの皮膚,3,928,0,10,,,,,,,,,,,,,,,,,,,,,,,,,,,,,,
7004,,ドロの塊,3,876,0,10,,,,,,,,,,,,,,,,,,,,,,,,,,,,,,
7005,,ドクロ,3,1294,0,10,,,,,,,,,,,,,,,,,,,,,,,,,,,,,,
7006,,赤いコウモリの翼,3,168,0,10,,,,,,,,,,,,,,,,,,,,,,,,,,,,,,
7007,,おおネズミの爪,3,748,0,10,,,,,,,,,,,,,,,,,,,,,,,,,,,,,,
7008,,めちゃ硬い角,3,,0,10,,,,,,,,,,,,,,,,,,,,,,,,,,,,,,
7009,,華麗な皮,3,528,0,10,,,,,,,,,,,,,,,,,,,,,,,,,,,,,,
7010,,鋼鉄ようなサソリのしっぽ,3,,0,10,,,,,,,,,,,,,,,,,,,,,,,,,,,,,,
7011,,猿の爪,3,466,0,10
7012,,堅い鱗の茎,3,412,0,10
7013,,サンゴ,3,772,0,10
7014,,古いポートレート,3,,0,100
7015,,追憶のしおり,3,,0,20
7016,,古いスプーン,3,2500,0,20
7017,,執行人の手袋,3,,0,30
7018,,小さい枝,3,,0,10
7019,,ロキーのささやき,3,,0,10
7020,,母さんの悪夢,3,,0,10
7021,,盲人の愚かさ,3,,0,10
7022,,古い柄,3,,0,30
7023,,闇に沈んだ刃,3,,0,40
7024,,血に染まった刃,3,,0,40
7025,,魔王の悲しさ,3,,0,50
7026,Key_of_Clock_Tower,時計塔のカギ,3,0,0,30
7027,Underground_Key,時計塔地下のカギ,3,0,0,30
7028,,対戦招待券,3,,0,0
7029,,対戦観覧券,3,,0,0
7030,,砂漠狼の爪,3,,0,
7031,,古いフライパン,3,,0,
7032,,割れた卵のかけら,3,,0,
7033,,毒キノコの胞子,3,,0,
7034,,穴が開いている赤い靴下,3,,0,10
7035,,マッチ,3,,0,10
7036,,ハティーの牙,3,,0,10
7037,,整理券,3,,0,10
9001,,ポリンの卵,7,,0,
9002,,ドラップスの卵,7,,0,
9003,,ポポリンの卵,7,,0,
9004,,ルナティックの卵,7,,0,
9005,,ピッキの卵,7,,0,
9006,,チョンチョンの卵,7,,0
9007,,スチールチョンチョンの卵,7,,0
9008,,ハンターフライの卵,7,,0
9009,,サベージべべの卵,7,,0
9010,,子供デザートウルフの卵,7,,0
9011,,ロッカーの卵,7,,0
9012,,スポアの卵,7,,0
9013,,ポイズンスポアの卵,7,,0
9014,,ペコペコの卵,7,,0
9015,,スモーキーの卵,7,,0
9016,,ヨーヨーの卵,7,,0
9017,,オークウォーリアーの卵,7,,0
9018,,ムナックの卵,7,,0
9019,,ドケビの卵,7,,0
9020,,ソヒーの卵,7,,0
9021,,イシスの卵,7,,0
9022,,緑のプティットの卵,7,,0
9023,,デビルチの卵,7,,0
9024,,バウォメット.Jrの卵,7,,0
10001,,動物の頭ホネ兜,8,,0
10002,,モンスター酸素マスク,8,,0
10003,,透明な頭の防具,8,,0
10004,,おしゃぶり,8,,0
10005,,ファション_カツラ,8,,0
10006,,女王の髪飾り,8,,0
10007,,シルク_リボン,8,,0
10008,,精神棒,8,,0
10009,,野生花,8,,0
10010,,へこんだ鉄の鍋,8,,0
10011,,星のヘアーピン,8,,0
10012,,小さな卵の皮,8,,0
10013,,鞄,8,,0
10014,,ロッカー_眼鏡,8,,0
10015,,緑色のレース,8,,0
10016,,金の鈴,8,,0
10017,,木のパンツ,8,,0
10018,,サルのリング,8,,0
10019,,赤い_マフラー,8,,0
