//skill_id, skill_range, skill_sp ,skill_type_hit, skill_type_inf ,skill_type_num,type_pl,type_nk,skill_type_job,skill_type_job2,skill_type_job3,skill_lv_max,skill_require
//skill_type_hit連打：8か単発：6か
//skill_type_inf typeは0-パッシブ、1-敵、2-場所、4-即時発動、16-味方
//skill_type_num 攻撃回数
//int type_pl 属性
//int type_nk 攻撃系であるが敵を弱くしたりする魔法の場合設定 01（効果）2（ひきとばし）
//type 7e:SW 7f:火壁 80:ポタ発動中 81:ポタ発動前 83:サンク 85:フニューマ
//86:バーミリオン 8c:トーキーボックス発動時 8d:氷壁 8e:くあぐまいやー 91:あんくるすねあ
//93:らんどまいん 97:?? 99:トーキーボックス発動前
//スキルまとめ（入力方法)
//スキルＩＤ 効果範囲、ＳＰ消費量、連打8か単発6か、種類、攻撃回数、属性、攻撃種類（通常０）
//基本機能
1,0,0,0,0,0,0,0,0,0,0,9,
//剣修練
2,0,0,0,0,0,0,0,1,7,0,10,
//両手剣修練
3,0,0,0,0,0,0,0,1,7,0,10,2:1
//ＨＰ回復力向上
4,0,0,0,0,0,0,0,1,7,0,10,
//バッシュ
5,1,8,6,1,1,0,0,1,7,0,10,
//プロボック
6,8,10,6,1,1,0,1,1,7,0,10,
//マグナムブレイク
7,1,10,6,1,5,0,2,1,7,0,10,5:5
//インヂュア
8,0,10,6,4,1,0,1,1,7,0,10,6:5
//sp回復向上
9,0,0,0,0,0,0,0,2,9,8,10,
//サイト?
10,12,10,6,4,1,0,1,2,9,0,1,
//#ナパーム_ビート
11,8,10,6,1,1,0,0,2,9,0,10,
//#セイフティ_ウォール
12,1,10,6,2,1,0,0,2,9,8,10,13:5,70:3,68:4
//ソウル_ストライク
13,8,42,8,1,5,0,0,2,9,0,10,11:4
//コールドボルト
14,8,30,8,1,5,0,0,2,9,0,10,
//フロストダイバー
15,8,16,6,1,1,0,0,2,9,0,10,14:5
//ストーンカース
16,8,25,6,1,0,0,0,2,9,0,10,
//ファイアーボーる
17,8,25,6,1,1,0,0,2,9,0,10,19:4
//ファイアーおーる
18,8,40,6,2,1,0,0,2,9,0,10,17:4,10:1
//ファイアーボルト
19,8,25,8,1,5,0,0,2,9,0,10,
//ライトニング_ボルト
20,8,30,8,1,5,0,0,2,9,0,10,
//サンダーストーム
21,5,74,6,2,1,0,0,2,9,0,10,20:4
//ディバイン_プロテクション
22,0,0,0,0,0,0,0,4,8,0,10,
//デーモンベイン
23,0,0,0,0,0,0,0,4,8,0,10,22:3
//ルアーフ？
24,0,10,6,1,1,0,1,4,8,0,1,
//フーニューマ
25,8,30,6,2,1,0,0,4,8,0,1,24:1,26:2,27:4
//テレポート？
26,0,10,6,4,1,0,1,4,8,0,2,24:1,
//ワープ_ポータル
27,5,35,6,2,1,0,0,4,8,0,5,26:2,
//ヒール
28,8,10,6,16,1,0,1,4,8,0,10,
//AL_INCAGI#速度増加#
29,8,45,6,16,1,0,1,4,8,0,10,28:3
//AL_DECAGI#速度減少#
30,8,33,6,1,1,0,1,4,8,0,10,29:1
//AL_HOLYWATER#アクア_ベネディクタ#
31,1,10,6,4,1,0,1,4,8,0,1,
//AL_CRUCIS#シグナム_クルシス#
32,8,35,6,16,1,0,1,4,8,0,10,23:3
//AL_ANGELUS#エンジェラス#
33,8,50,6,4,1,0,1,4,8,0,10,22:3
//AL_BLESSING#ブレッシング#
34,8,64,6,16,1,0,1,4,8,0,10,22:5
//AL_CURE#キュアー#
35,8,15,6,16,1,0,1,4,8,0,1,28:2
//MC_INCCARRY#所持限界量_増加#
36,0,0,0,0,0,0,0,5,10,0,10,
//MC_DISCOUNT#ディスカウント#
37,0,0,0,0,0,0,0,5,10,0,10,36:3
//MC_OVERCHARGE#オーバーチャージ#
38,0,0,0,0,0,0,0,5,10,0,10,37:3
//MC_PUSHCART#プッシュカート#
39,0,0,0,0,0,0,0,5,10,0,10,36:5
//MC_IDENTIFY#アイテム_鑑定#?
40,0,10,6,4,1,0,1,5,10,0,1,
//MC_VENDING#露店開設#?
41,0,30,6,4,1,0,1,5,10,0,10,39:3
//MC_MAMMONITE#メマーナイト#
42,3,5,6,1,1,0,0,5,10,0,10,
//AC_OWL#ふくろうの目#
43,0,0,0,0,0,0,0,3,11,0,10,
//AC_VULTURE#ワシの目#
44,0,0,0,0,0,0,0,3,11,0,10,43:3
//AC_CONCENTRATION#集中力向上#
45,0,70,6,4,1,0,1,3,11,0,10,44:1
//AC_DOUBLE#ダブルストレイフィング#
46,13,12,8,1,2,0,0,3,11,0,10,
//AC_SHOWER#アローシャワー#（吹き飛ばしの射程距離をかんがえること
47,13,5,6,1,1,0,2,3,11,0,10,46:5
//TF_DOUBLE#ダブルアタック#
48,0,0,0,0,0,0,0,6,12,0,10,
//TF_MISS#回避率増加#
49,0,0,0,0,0,0,0,6,12,0,10,
//TF_STEAL#スティール#
50,3,10,6,1,0,0,1,6,12,0,10,
//TF_HIDING#ハイディング#?
51,0,10,6,4,1,0,1,6,12,0,10,50:5
//TF_POISON#インベナム#
52,3,12,6,1,1,0,1,6,12,0,10,
//TF_DETOXIFY#解毒#
53,1,5,6,16,1,0,1,6,12,0,1,52:3
//ALL_RESURRECTION#リザラックション#
54,8,60,6,16,1,0,1,4,8,0,4,9:4,72:1
//KN_SPEARMASTERY#槍_修練#
55,0,0,0,0,0,0,0,1,7,0,10,
//KN_PIERCE#ピアース#
56,1,7,8,1,3,0,0,1,7,0,10,55:1
//KN_BRANDISHSPEAR#ブランディッシュ_スピア#？
57,1,12,6,1,1,0,1,1,7,0,10,58:3,63:1
//KN_SPEARSTAB#スピア_スタブ#
58,4,9,6,1,1,0,0,1,7,0,10,56:5
//KN_SPEARBOOMERANG#スピア_ブーメラン#
59,11,10,6,1,1,0,0,1,7,0,5,56:3
//KN_TWOHANDQUICKEN#ツーハンド_クイックン#
60,0,50,6,4,1,0,1,1,7,0,10,3:1
//KN_AUTOCOUNTER#オート_カウンター#？
61,0,2,6,4,1,0,1,1,7,0,5,3:1
//KN_BOWLINGBASH#ボウリング_バッシュ#
62,1,22,6,1,1,0,2,1,7,0,10,3:5,60:10,61:5,7:3
//KN_RIDING#ライディング#
63,0,0,0,0,0,0,0,1,7,0,1,8:1
//KN_CAVALIERMASTERY#騎兵修練#
64,0,0,0,0,0,0,0,1,7,0,5,63:1
//PR_MACEMASTERY#メイス修練#
65,0,0,0,0,0,0,0,4,8,0,10,
//PR_IMPOSITIO#イムポシティオ_マヌス#
66,8,25,6,16,1,0,1,4,8,0,5,
//PR_SUFFRAGIUM#シュプラギウム#
67,8,8,6,16,1,0,1,4,8,0,3,66:2
//PR_ASPERSIO#アスペルシオ#
68,8,30,6,16,1,0,1,4,8,0,5,31:1,66:3
//PR_BENEDICTIO#聖体降福#場所できない
69,1,20,6,2,1,0,1,4,8,0,5,68:5,75:3
//PR_SANCTUARY#センチュアリ#場所できてない
70,1,42,6,2,1,0,1,4,8,0,10,28:1
//PR_SLOWPOISON#スローポイズン#？,
71,8,12,6,16,1,0,1,4,8,0,4,
//PR_STRECOVERY#リカバリー#
72,8,5,6,16,1,0,1,4,8,0,1,
//PR_KYRIE#キリエ_エルレイソン#
73,0,40,6,4,1,0,1,4,8,0,10,33:2
//PR_MAGNIFICAT#マニピカット#
74,0,40,6,4,1,0,1,4,8,0,5,
//PR_GLORIA#グロリア#
75,0,20,6,4,1,0,1,4,8,0,5,73:4,74:3
//PR_LEXDIVINA#レックス_ディビーナ#
76,8,10,6,1,0,0,1,4,8,0,10,24:1
//PR_TURNUNDEAD#ターン_アンデット#？
77,8,16,6,1,1,0,1,4,8,0,10,54:1,76:3
//PR_LEXAETERNA#レックス_エーテルナ#
78,8,10,6,1,0,0,1,4,8,0,1,76:5
//PR_MAGNUS#マグヌス_エクソールシスムス#場所できてない
79,3,58,8,2,1,0,1,4,8,0,10,77:3,78:1,12:1
//WZ_FIREPILLAR#ファイアーピラー#場所でず？
80,8,25,8,2,12,0,0,2,9,0,10,18:1
//WZ_SIGHTRASHER#サイトレシャ#*
81,1,53,6,4,1,0,1,2,9,0,10,10:1,20:1
//WZ_FIREIVY#ファイア_アイビー#
82,0,0,0,0,0,0,0,2,9,0,10,
//WZ_METEOR#メテオストーム#
83,8,74,8,2,35,0,0,2,9,0,10,81:2
//WZ_JUPITEL#ユピテル_サンダー#
84,8,47,8,1,12,0,0,2,9,0,10,20:1,11:1
//WZ_VERMILION#ロードオブヴァーミリオン#
85,8,98,8,2,11,0,0,2,9,0,10,84:5
//WZ_WATERBALL#ウォーターボール#
86,8,25,6,1,1,0,0,2,9,0,5,20:1,14:1
//WZ_ICEWALL#アイスウォール#
87,8,20,6,2,1,0,0,2,9,0,10,15:1,16:1
//WZ_FROSTNOVA#プロスト_ノーバ#
88,0,27,6,4,1,0,1,2,9,0,10,87:1
//WZ_STORMGUST#ストームガスト#
89,8,78,8,2,8,0,0,2,9,0,10,84:3,15:1
//WZ_EARTHSPIKE#アース_スパイク#
90,8,20,8,1,5,0,0,2,9,0,5,16:1
//WZ_HEAVENDRIVE#ヘブンズ_ドライブ#
91,8,40,8,2,5,0,0,2,9,0,5,90:3
//WZ_QUAGMIRE#クワグマイア#
92,8,15,6,2,1,0,1,2,9,0,5,91:1
//WZ_ESTIMATION#モンスター情報#
93,8,10,6,1,0,0,1,2,9,0,1,
//BS_IRON#鉄_製造#
94,0,0,0,0,0,0,0,5,10,0,5,
//BS_STEEL#鋼鉄_製造#
95,0,0,0,0,0,0,0,5,10,0,5,94:1
//BS_ENCHANTEDSTONE#属性石_製造#
96,0,0,0,0,0,0,0,5,10,0,5,94:1
//BS_ORIDEOCON#オリデオコン_研究#
97,0,0,0,0,0,0,0,5,10,0,5,96:1
//BS_DAGGER#短剣_製作#
98,0,0,0,0,0,0,0,5,10,0,3,
//BS_SWORD#剣_製作#
99,0,0,0,0,0,0,0,5,10,0,3,98:1
//BS_TWOHANDSWORD#両手剣_製作#
100,0,0,0,0,0,0,0,5,10,0,3,99:1
//BS_AXE#斧_製作#
101,0,0,0,0,0,0,0,5,10,0,3,99:2
//BS_MACE#メイス_製作#
102,0,0,0,0,0,0,0,5,10,0,3,103:1
//BS_KNUCKLE#ナックル_製作#
103,0,0,0,0,0,0,0,5,10,0,3,99:1
//BS_SPEAR#槍_製作#
104,0,0,0,0,0,0,0,5,10,0,3,99:2
//BS_HILTBINDING#ヒルト_バイディング#
105,0,0,0,0,0,0,0,5,10,0,1,
//BS_FINDINGORE#鉱石発見#
106,0,0,0,0,0,0,0,5,10,0,1,95:1,105:1
//BS_WEAPONRESEARCH#武器_研究#
107,0,0,0,0,0,0,0,5,10,0,10,105:1
//BS_REPAIRWEAPON#武器_修理#*,
108,0,0,0,0,0,0,0,5,10,0,1,107:1
//BS_SKINTEMPER#スキン_テンパリング#
109,0,0,0,0,0,0,0,5,10,0,5,
//BS_HAMMERFALL#ハンマー フォール#
110,5,10,6,2,1,0,1,5,10,0,5,
//BS_ADRENALINE#アドレナリン_ラッシュ#
111,0,32,6,4,1,0,1,5,10,0,5,110:2
//BS_WEAPONPERFECT#ウエポンパーフェクション#
112,0,18,6,4,1,0,1,5,10,0,5,111:2,107:2
//BS_OVERTHRUST#オーバートラスト#
113,0,18,6,4,1,0,1,5,10,0,5,111:3
//BS_MAXIMIZE#マキシマイズパワー#
114,0,10,6,4,1,0,1,5,10,0,5,113:2,112:3
//罠系統は全部でない,
//HT_SKIDTRAP#スキド_トラップ#
115,1,10,6,2,1,0,1,3,11,0,5,
//HT_LANDMINE#ランド_マイン#
116,1,20,6,2,1,0,1,3,11,0,5,
//HT_ANKLESNARE#アングルスネア#
117,1,12,6,2,1,0,1,3,11,0,5,115:1
//HT_SHOCKWAVE#ショックウェーブ_トラップ#
118,1,45,6,2,1,0,1,3,11,0,5,117:1
//HT_SANDMAN#サンドマン#
119,1,12,6,2,1,0,1,3,11,0,5,120:1
//HT_FLASHER#フラッシャー#
120,1,12,6,2,1,0,1,3,11,0,5,115:1
//HT_FREEZINGTRAP#フリージング_トラップ#
121,1,10,6,2,1,0,1,3,11,0,5,120:1
//HT_BLASTMINE#ブラスト_マイン#
122,1,10,6,2,1,0,1,3,11,0,5,121:1,119:1,116:1,118:1
//HT_CLAYMORETRAP#クレイモアー_トラップ#
123,1,15,6,2,1,0,1,3,11,0,5,122:1
//HT_REMOVETRAP#リムーブ_トラップ#
124,3,5,6,2,1,0,1,3,11,0,1,116:1
//HT_TALKIEBOX#トーキ_ボックス#
125,1,1,6,2,1,0,1,3,11,0,1,124:1,118:1
//HT_BEASTBANE#ビーストベイン#
126,0,0,0,0,0,0,0,3,11,0,10,
//HT_FALCON#ファルコンり_マスタリ#
127,0,0,0,0,0,0,0,3,11,0,1,126:1
//HT_STEELCROW#スチール_クロウ#
128,0,0,0,0,0,0,0,3,11,0,10,129:5
//HT_BLITZBEAT#ブリッツ_ビート#
129,9,22,8,1,5,0,0,3,11,0,5,127:1
//HT_DETECTING#ディテクティング#
130,8,1,6,2,1,0,1,3,11,0,4,127:1,45:1
//HT_SPRINGTRAP#スプリング_トラップ#
131,8,1,6,2,1,0,1,3,11,0,5,127:1,124:1
//AS_RIGHT#右手_修練#
132,0,0,0,0,0,0,0,6,12,0,5,
//AS_LEFT#左手_修練#
133,0,0,0,0,0,0,0,6,12,0,5,
//AS_KATAR#カタール_修練#
134,0,0,0,0,0,0,0,6,12,0,10,
//AS_CLOAKING#クローキング#?,
135,0,15,6,4,1,0,1,6,12,0,10,51:2
//AS_SONICBLOW#ソニック_ブロー#
136,1,34,8,1,8,0,0,6,12,0,10,134:4
//AS_GRIMTOOTH#グリムトゥース#
137,7,2,6,1,1,0,0,6,12,0,5,136:5,135:2
//AS_ENCHANTPOISON#エンチャント_ポイズン#
138,0,20,6,4,1,0,1,6,12,0,10,52:1
//AS_POISONREACT#ポイズン_リアクト#
139,0,30,6,4,1,0,1,6,12,0,10,138:3
//AS_VENOMDUST#ベナム_ダスト#
140,8,20,6,2,1,0,1,6,12,0,10,138:5
//AS_SPLASHER#ベナム_スプラッシャー#場所でず
141,8,60,8,2,5,0,0,6,12,0,10,139:5,140:5